000005 375 500 8
000007 333 500 6
000009 375 500 12 14
000012 333 500 6
000016 500 334 1
000017 364 480 12 14
000019 375 500 7
000020 500 375 6
000021 500 336 11 14
000023 500 334 1 14
000024 335 500 18
000026 333 500 6
000030 375 500 1 14
000032 281 500 0 14
000033 366 500 0
000034 500 360 18
000035 375 500 10 14
000036 500 332 11
000039 375 500 19
000041 333 500 14 19
000042 335 500 18
000044 333 500 7 8
000046 500 332 2
000047 333 500 6 8
000048 500 375 2 14
000050 375 500 4 8 14
000051 375 500 13 14
000052 333 500 15
000060 334 500 6
000061 333 500 3
000063 375 500 8 11
000064 500 496 2
000065 335 500 11
000066 375 500 14
000072 500 333 13
000073 500 375 3 14 15
000077 333 500 7
000078 419 500 11
000081 333 500 14 17
000083 333 500 6 14
000089 374 500 8 14
000091 375 500 6
000093 339 500 8 11
000095 323 500 18
000099 375 500 7
000101 333 500 8 14
000102 375 500 17
000104 333 500 14 19
000107 375 500 9 16
000109 254 500 2
000110 375 500 14
000112 500 333 8 11
000113 332 500 14
000117 333 500 0
000118 375 500 7
000120 400 500 11
000121 375 500 19
000122 480 475 7
000123 375 500 18
000125 375 500 1 14
000129 500 334 1 14
000130 375 500 3
000131 333 500 6 14
000132 421 500 5
000133 500 447 12 14
000134 371 500 6
000138 332 500 14
000140 401 500 11 17
000141 423 500 2
000142 375 500 6
000143 333 500 7
000146 500 374 14
000147 333 500 8
000150 333 500 12 14
000153 375 500 6
000154 333 500 3
000156 375 500 6 17
000158 375 500 2
000159 333 500 6 14
000161 390 500 6
000162 375 500 14 19
000163 432 500 13 14
000164 375 500 13 14
000165 386 500 14
000169 333 500 6 14
000170 375 500 4 14
000171 500 375 11 14
000173 480 394 12 14
000174 333 500 14
000177 375 500 10 14
000180 375 500 6
000184 375 500 3
000187 375 500 19
000189 375 500 2
000190 375 500 5 14
000192 375 500 8 14
000193 375 500 14 17
000194 224 320 12 14
000198 335 500 18
000200 249 500 4 14
000203 333 500 8
000207 500 334 5
000208 375 500 8 10 17
000209 375 500 7
000210 374 500 6 14
000211 375 500 9
000214 375 500 12
000215 468 500 7
000218 333 500 8 11 14
000219 500 333 13
000220 375 500 6 14
000221 332 500 6
000222 375 500 4 8 10 14
000224 375 500 4 19
000225 333 500 16
000228 333 500 0
000229 375 500 4 8 10 14
000232 375 500 3 9 14
000233 375 500 6 16
000235 375 500 8 10 15 17
000236 381 500 2
000241 375 500 3
000242 333 500 7
000244 333 500 16
000245 375 500 6 14
000246 375 500 11
000249 333 500 8 10
000250 375 500 4 10
000251 500 453 6 14
000256 343 500 0
000257 375 500 14 19
000259 362 500 14
000262 196 500 6
000263 500 375 6
000266 500 375 11 17
000268 333 500 0
000269 332 500 4 14
000270 323 500 18
000275 480 476 12 14
000276 500 375 14
000278 375 500 11 14
000282 374 500 8 14
000285 375 500 8 14
000288 333 500 5 6 14
000289 333 500 6
000294 375 500 2
000296 348 500 3 6
000298 388 500 14
000302 375 500 6 13 14
000303 377 500 6
000304 500 375 19
000305 500 333 1 14
000306 176 500 9
000307 375 500 15
000308 375 500 10 14
000311 375 500 6
000312 335 500 18
000317 354 500 6
000318 331 500 6
000320 500 375 6 14
000321 500 333 14
000322 332 500 14
000323 375 500 14
000325 375 500 0
000328 332 500 12 14
000329 333 500 6
000331 500 375 8 14
000332 333 500 12
000334 302 500 6
000336 430 500 11
000337 375 500 1 14
000338 333 500 6 14
000340 375 500 2
000343 375 500 6
000344 500 375 4
000347 357 466 12
000349 375 500 8 10 19
000352 375 500 14 17
000354 375 500 7
000355 333 500 6
000359 500 432 8 11 14
000363 333 500 2
000367 375 500 4 6 14
000370 374 500 3
000372 334 500 12 14
000373 500 333 6
000374 375 500 13 14
000379 375 500 1
000380 333 500 1
000381 500 375 4 8 10
000382 500 375 3 14
000387 333 500 6
000391 458 500 15
000394 375 500 10 14
000395 322 500 2
000396 375 500 6
000400 500 375 7
000403 375 500 7
000404 333 500 6
000406 375 500 6 14
000407 360 480 12 14
000408 500 375 9
000411 320 240 14
000416 375 500 16
000417 375 500 9
000419 375 500 13 14
000420 375 500 6
000424 325 500 2
000427 334 500 13
000428 414 500 8 10 14
000430 375 500 7
000431 375 500 0 6
000433 370 500 8 14
000435 332 500 12 14
000438 332 500 14
000439 333 500 18
000443 464 500 11 14
000446 500 332 14
000448 375 500 10 14
000450 500 375 18
000454 297 500 11
000459 334 500 8 10
000460 375 500 8
000461 333 500 6
000462 375 500 9
000463 175 500 6 13 14
000464 500 375 9
000468 500 333 14
000469 375 500 6
000470 375 500 12 14
000474 375 500 3 6
000476 375 500 11 14 17
000477 333 500 1 5 6 14
000480 375 500 0 14
000482 334 500 14 18
000483 480 383 12 14
000484 375 500 15
000486 500 375 7
000489 375 500 2
000491 334 500 9
000492 375 500 8 10
000494 500 375 6
000496 375 500 8 10
000498 500 326 4 14
000499 375 500 13 14
000500 375 500 1 14
000501 500 389 11
000503 375 500 17
000508 375 500 2
000509 375 500 6
000513 333 500 3
000514 375 500 0
000515 375 500 1 6 14
000516 375 500 7 14 17
000518 333 500 5 14
000519 375 500 3
000520 500 334 14
000522 375 500 6
000523 500 375 12 14
000524 322 500 12 14
000525 331 500 13 14
000526 333 500 8 14
000528 375 500 7
000530 500 332 14 17
000531 375 500 4 14
000535 374 500 1 14
000537 400 500 11
000540 335 500 18
000541 333 500 6 14
000543 375 500 6
000544 333 500 7
000545 500 375 6 14
000549 500 375 7
000550 375 500 8 10
000552 331 500 0
000554 375 500 6 14 17
000555 375 500 8 14 17
000559 370 500 4 19
000563 375 500 3
000564 333 500 4 8 10
000565 375 500 1
000577 333 500 12
000579 332 500 6 13 14
000581 332 500 16
000582 500 375 11
000583 276 500 13 14
000588 375 500 16
000589 375 500 14
000590 337 500 6
000591 333 500 8 10 14
000592 375 500 8 15 17 19
000597 375 500 8 14 19
000598 344 500 8 19
000599 375 500 8 17
000601 348 500 15
000605 375 500 6
000608 375 500 3
000609 375 500 11
000610 335 500 0
000612 500 375 14 18
000613 333 500 8 10 14
000619 333 500 2
000620 344 500 6
000622 375 500 9
000625 375 500 8 14
000626 400 500 14 19
000628 392 500 6 14 15
000632 375 500 8 17 19
000633 375 500 14 19
000635 375 500 18
000637 375 500 1
000645 375 500 2
000647 333 500 0
000648 333 500 0 5 6 14
000653 375 500 6
000654 333 500 11 14 16
000656 333 500 11
000657 333 500 0
000660 332 500 17
000661 375 500 8 15 17
000663 500 422 5 6
000667 500 434 12
000671 500 326 1
000672 375 500 6
000675 335 500 18
000676 375 500 16
000677 500 333 14
000680 375 500 2
000682 375 500 2
000684 500 375 4 8 14
000685 375 500 13
000686 375 500 13
000688 317 500 6 14
000689 353 500 18
000690 375 500 1 7 14
000694 375 500 14
000695 375 500 12 14
000699 381 500 8 11
000700 333 500 6
000702 375 500 12 14
000705 234 500 7
000707 500 375 8 19
000709 377 500 8 14 17
000710 500 375 7 8 15
000711 375 500 15
000712 341 500 18
000713 336 500 3
000714 335 500 2
000717 375 500 8 14
000720 333 500 11
000726 333 500 4 14
000728 333 500 9
000729 500 375 15
000730 333 500 0
000731 500 329 2 14
000733 435 450 13 14
000738 332 500 0
000739 374 500 14
000740 375 500 3
000742 338 500 3 14
000746 333 500 11
000748 292 500 5
000750 500 375 14
000752 332 500 14 17
000753 375 500 4 10 14
000754 261 500 1 5 6
000755 375 500 1 14
000756 500 365 11
000760 332 500 12 14
000761 375 500 8 17 19
000763 333 500 0
000764 332 500 12
000767 375 500 9
000768 375 500 5
000770 375 500 1 9 13 14
000771 500 375 8 17
000772 480 360 11
000774 313 500 18
000776 200 500 6
000777 333 500 11 14
000780 375 500 8 15
000782 500 330 5 14
000786 335 500 9 14
000787 371 500 6
000791 332 500 18
000793 375 500 1 5 14
000794 375 500 7
000796 375 500 2
000797 375 500 11 14 17
000799 441 500 12 14
000800 375 500 6
000802 375 500 1 14
000804 500 333 8 17
000805 500 375 11 14
000806 500 333 14
000808 333 500 9
000810 375 500 14
000812 333 500 1 14
000814 500 348 14
000815 374 500 0
000816 500 500 1 14
000818 287 500 6 18
000820 375 500 16
000822 374 500 13
000823 334 500 6
000826 478 500 3
000827 333 500 9
000828 500 375 14
000829 375 500 1 5 6 14
000830 375 500 8 10
000831 500 335 18
000832 500 375 2
000834 375 500 9 14
000842 356 500 11 14
000843 333 500 14 19
000845 335 500 0
000847 500 375 10 14
000848 334 500 8 14 17
000849 368 200 11
000850 375 500 2
000851 375 500 13 14
000854 375 500 8 14 15 17
000855 500 375 1 5 6 14
000857 375 500 7
000859 333 500 8 14 17
000860 353 500 6 14
000862 375 500 3 14
000863 317 500 18
000865 375 500 4 8 10 14 15
000867 500 375 15
000868 375 500 15 17
000871 375 500 6
000872 375 500 0
000874 332 500 14
000876 334 500 7
000878 333 500 1 14
000879 375 500 12 14
000880 369 500 2 9
000882 357 500 11
000885 456 500 1 14
000887 320 500 0
000888 347 500 6
000889 500 374 15
000892 375 500 13 14
000895 375 500 14
000896 375 500 0
000898 375 500 14 17
000899 333 500 18
000900 375 500 16
000902 399 500 11 14
000903 500 416 8 14
000904 375 500 9 12 14
000906 375 500 3 6 14
000908 375 500 0
000911 324 500 1 5 6 14
000912 334 500 7
000915 375 500 8 10 14
000917 360 480 2 8 15
000918 500 333 8 14
000919 331 500 11
000920 379 500 14 18
000921 375 500 7 8
000923 375 500 15 17 19
000926 500 375 14
000929 375 500 4 8 10
000931 375 500 3
000934 333 500 0
000935 375 500 6
000936 334 500 0
000937 375 500 6 14
000943 375 500 8 14 17
000946 375 500 18
000947 500 238 11
000948 375 500 8 14 19
000949 500 340 1 14
000950 331 500 8 10
000951 375 500 4
000954 332 500 2
000958 300 400 11
000962 375 500 7 15
000964 333 500 2
000965 500 375 7 11 17
000966 353 500 14 18
000967 375 500 14 18
000971 375 500 5 14
000972 375 500 6
000973 375 500 1
000977 333 500 6
000980 333 500 2
000982 377 500 0 14
000987 447 500 6 13 14
000989 333 500 19
000991 480 318 12 14
000993 493 500 18
000996 375 500 8 10 14
000997 375 500 17 19
000999 500 375 4 14
001001 375 500 7 14
001002 500 375 3
001004 375 500 2
001008 375 500 13
001009 375 500 7
001010 375 500 19
001011 375 500 14 19
001012 333 500 0
001014 375 500 8 11 14
001015 333 500 2
001017 500 333 13 14
001018 375 500 8 10 17
001024 375 500 14 19
001027 375 500 1 8 17 19
001028 500 406 8 14
001036 375 500 14
001041 375 500 2
001042 375 500 11 14
001043 333 500 7
001045 500 375 4
001050 375 500 1 14
001052 375 500 6
001053 500 323 11
001056 334 500 11
001057 335 500 6 14
001060 378 500 1 6 14
001061 375 500 2 14
001062 500 375 19
001064 216 320 12 14
001066 329 500 14
001068 332 500 13
001069 375 500 6
001071 500 332 6 12 14
001072 386 500 14 17
001073 375 500 9
001074 285 500 2
001077 375 500 19
001078 375 500 7
001079 375 500 10 14 15
001082 375 500 7 15
001083 333 500 18
001084 480 318 12 14
001091 375 500 10 14 15
001092 334 500 11 14
001093 400 500 6
001097 334 500 14
001101 333 500 13 14
001102 334 500 0
001104 334 500 11
001106 375 500 8 10
001107 332 500 0
001109 333 500 14
001110 375 500 7
001112 335 500 6 15 18
001113 375 500 14
001119 333 500 6
001121 500 375 3
001124 326 500 5 6
001125 333 500 6 14
001127 375 500 11 17
001129 270 500 14 17
001130 375 500 9
001136 500 500 2 3
001137 333 500 14
001140 500 375 11 14
001142 375 500 15
001143 500 375 9
001144 333 500 0
001145 500 375 11 14
001147 333 500 14
001148 375 500 6
001149 375 500 15 17 19
001151 331 500 11 14
001152 336 448 5 14
001154 375 500 15 17
001156 399 500 7
001158 375 500 8
001160 333 500 0
001161 375 500 18
001164 375 500 8 10 14 15
001166 375 500 19
001168 375 500 14
001170 375 500 14 17
001171 331 500 13 14
001172 187 500 18
001174 375 500 8 10 17
001175 375 500 14 19
001176 375 500 3
001182 375 500 9
001184 375 500 1
001185 375 500 4 7 10 14
001186 500 375 1 14
001187 500 375 8 17
001191 375 500 16
001192 375 500 11
001194 375 500 1
001199 375 500 13
001200 339 500 18
001201 333 500 13 14
001203 240 350 11
001204 375 500 8 17 19
001205 335 500 3
001206 375 500 11 14
001207 375 500 2
001209 375 500 11
001211 500 409 7 8 11
001212 375 500 14 15
001214 375 500 8 17 19
001215 375 500 1
001221 500 332 14 18
001224 333 500 1 14
001225 500 387 11
001226 333 500 11
001229 375 500 4 14
001230 399 500 0
001231 375 500 8 17
001233 500 333 7
001234 500 260 11 14 19
001236 399 500 12 14
001237 375 500 6
001239 375 500 11
001240 375 500 14
001241 500 375 12 14
001247 334 500 3
001248 375 500 14
001250 288 432 2
001254 332 500 12 14
001258 375 500 6
001259 334 500 1 14
001260 375 500 2
001263 375 500 8 10 17
001265 500 327 14
001266 332 500 13 14
001268 333 500 6
001269 333 500 14
001270 357 500 0
001272 414 500 4 14
001273 500 440 2
001274 500 375 7
001277 332 500 0
001279 500 375 8 14
001281 333 500 6 14
001284 375 500 14
001286 331 500 13
001287 401 500 12 14
001288 342 500 0
001289 309 500 2
001290 410 500 6
001292 375 500 4 6 14
001293 492 500 11
001294 375 500 6
001298 375 500 3 14
001299 500 429 9
001304 500 333 1 14
001309 500 348 1 14
001310 375 500 14 16
001311 319 500 1 14
001312 375 500 9
001314 333 500 7
001315 400 300 14 17
001316 375 500 11
001323 375 500 18
001324 333 500 11
001325 379 500 3 14
001326 375 500 17
001327 500 375 14
001330 375 500 6 14
001332 500 375 0
001333 375 500 13 14
001334 375 500 6
001337 480 318 12 14
001341 377 500 2
001343 375 500 8 17 19
001345 375 500 8
001346 229 500 4 14
001348 333 500 2
001350 375 500 8 14
001352 276 500 6 8 14
001360 326 500 6
001361 333 500 2
001362 500 333 14 17
001364 333 500 6
001365 331 500 2
001371 375 500 6
001375 410 500 2
001378 500 383 2 14
001383 375 500 18
001384 375 500 6
001385 332 500 5 6
001386 375 500 6 13
001387 500 375 7
001388 414 500 14 17
001390 333 500 14 17
001393 375 500 4 8 10 14
001395 375 500 7
001397 500 333 11
001400 500 375 0
001402 375 500 1 17
001404 375 500 7
001405 500 332 12 14
001406 375 500 11 14 17
001408 500 333 4 14 15
001409 333 500 6 14
001413 375 500 2
001414 375 500 6 14
001418 480 405 11
001420 332 500 12 14 15
001421 500 375 8 10 14
001426 500 333 13 14
001427 500 369 1 14
001430 375 500 10 14 15 19
001432 375 500 6
001434 332 500 5 14
001436 335 500 0
001439 500 375 8 10
001441 376 500 8 10
001442 333 500 9
001443 374 500 7 8
001444 375 500 4 8 15 17 19
001445 375 500 5 6 14
001450 331 500 13 14
001451 334 500 4 10 14 15
001453 375 500 2
001455 374 500 1 6 14
001457 375 500 8 17
001460 333 500 1 14
001463 375 500 3 14
001464 215 500 15
001465 375 500 4 8 10
001466 333 500 6
001467 375 500 11
001468 267 400 9
001470 375 500 19
001472 375 500 6 14
001475 362 500 13 14
001479 375 500 14 15
001480 376 500 14 17
001481 375 500 3
001483 333 500 18
001484 300 476 3 14
001485 333 500 13 14
001486 375 500 7
001488 333 500 6
001490 333 500 4 11
001492 334 500 6
001493 375 500 4 14
001494 375 500 6
001497 375 500 3
001498 500 375 14
001499 375 500 14
001501 374 500 1 14
001504 500 375 14
001509 500 315 14
001510 375 500 13 14
001512 333 500 2
001514 333 500 14 17
001515 500 409 12
001517 375 500 8 11
001521 500 375 12 14
001522 375 500 4
001523 375 500 12 14
001524 370 500 11 14
001526 298 500 14
001528 500 383 2
001529 375 500 8 17 19
001531 375 500 8 14
001532 340 425 5 6 13 14
001536 375 500 14 19
001537 332 500 4 10 14
001539 375 500 1
001541 332 500 7
001543 375 500 17 19
001544 375 500 14
001545 375 500 0
001548 375 500 8 14
001553 387 500 1
001554 375 500 11 14
001555 375 500 7
001556 332 500 12
001557 139 500 0 14
001559 480 360 6
001561 375 500 6 14
001563 333 500 4 8 10 14
001565 332 500 18
001571 331 500 14
001576 375 500 6
001577 375 500 8 10 14
001579 500 375 1 14
001580 375 500 4 14 15 17
001582 375 500 7
001586 398 480 12 14
001588 333 500 17 19
001590 500 375 4 19
001593 500 423 10 14 15
001594 333 500 11 14 16
001595 375 500 5
001597 375 500 2
001598 333 500 16
001603 333 500 1 14
001604 375 500 6
001607 375 500 11
001608 375 500 14
001610 375 500 7
001611 500 495 14
001612 333 500 18
001614 375 500 9
001617 331 500 13 14
001618 333 500 6
001622 500 375 1 6 14
001627 500 375 14
001628 394 480 12 14
001630 500 375 1 14
001632 375 500 12
001633 375 500 8 10
001636 375 500 1
001638 333 500 0
001640 375 500 6 14
001642 463 381 11
001643 333 500 11 17
001647 500 375 2
001649 500 444 8 14
001650 333 500 8 17 19
001651 500 375 8 14
001653 375 500 18
001654 375 500 1 6 14
001661 375 500 16
001662 375 500 6
001669 500 375 7
001673 375 500 4 7
001675 333 500 11
001676 236 500 6
001677 375 500 8 10
001678 333 500 8 14 19
001680 500 375 11
001682 333 500 4 14
001683 375 500 8 10
001684 422 500 2
001685 375 500 2
001686 500 375 14
001688 375 500 13
001689 500 375 8 14
001690 332 500 12 14
001691 375 500 5 14
001693 333 500 6
001699 332 500 6 12
001707 500 426 2
001708 369 500 0
001711 375 500 12 14
001713 435 500 9
001714 500 332 16
001717 404 500 8 14 19
001718 333 500 11
001721 341 500 14
001723 500 333 13 14
001724 315 275 12
001725 500 375 14 19
001726 375 500 1 14
001727 318 480 12 14
001729 333 500 8 14 15 17
001730 375 500 12 14
001732 332 500 3
001733 500 500 16
001734 375 500 16
001738 375 500 11
001739 500 333 2
001741 254 400 9
001746 375 500 6 17
001747 375 500 7
001749 500 375 14
001750 333 500 16
001752 500 375 19
001754 500 375 4 14 15
001755 333 500 7
001756 500 375 4 8 10 14
001758 500 374 11 14
001759 375 500 11 14
001761 333 500 0
001765 375 500 13
001766 375 500 12 14
001768 500 375 7
001771 375 500 8
001772 500 374 14
001775 333 500 14 18
001777 334 500 4 8 10 15
001778 375 500 11
001780 333 500 6 13
001782 429 500 2
001784 335 500 14
001785 333 500 14
001787 375 500 2
001789 375 500 14 18
001793 500 375 10 14
001795 375 500 14
001797 375 500 14 17
001799 392 500 9 14
001800 500 375 14 17
001801 375 500 6 13 14
001806 500 328 9 14
001807 333 500 12 14
001809 500 436 14 17 19
001810 375 500 14 19
001816 375 500 7
001818 332 500 2
001821 375 500 6
001825 375 500 7 11
001827 375 500 19
001828 500 333 8 14
001830 500 373 14
001832 375 500 11 14
001833 375 500 1 14
001834 334 500 10
001836 375 500 14 17
001837 500 375 8 14
001840 375 500 7
001841 500 375 14
001842 379 500 0
001843 375 500 4 14
001845 375 500 6
001847 370 500 3
001849 375 500 14
001853 375 500 2
001854 499 333 13 14
001855 375 500 2
001858 333 500 0
001860 285 400 2 8
001861 363 500 1 14
001862 375 500 6
001864 375 500 8 14
001870 400 400 0
001872 375 500 16
001875 375 500 19
001877 333 500 6
001878 375 500 17
001881 375 500 6 14
001882 333 500 8 17
001887 375 500 3 8 10 14
001888 500 375 7
001892 375 500 5
001894 375 500 12 14
001896 375 500 2
001898 500 374 15 19
001899 332 500 6 13 14
001901 500 375 8 10 17
001902 375 500 5 6 14
001903 333 500 1 13 14
001904 335 500 14
001906 301 500 7
001907 375 500 18
001911 333 500 0
001915 375 500 2
001918 375 500 14
001920 375 500 14 17 19
001922 400 500 0
001927 332 500 12 14
001928 500 500 13
001930 346 500 14 18
001931 333 500 6
001932 373 500 8 14
001933 375 500 2
001934 291 322 7
001936 333 500 0
001937 500 375 6
001938 375 500 14
001940 500 333 7 11
001941 375 500 13 14
001944 375 500 6 8 14
001945 480 318 12 14
001948 333 500 13
001950 375 500 6 14
001952 397 500 2
001954 375 500 6
001958 375 500 14
001960 500 329 12
001962 333 500 5 6
001963 375 500 4 8 10 14
001964 375 500 2
001970 375 500 4
001971 375 500 7 8
001972 500 333 11
001976 383 500 3
001977 310 500 14
001978 334 500 8 14
001980 375 500 6 14
001981 375 500 7
001982 375 500 7
001985 500 333 11
001989 375 500 14
001995 500 375 8
001999 375 500 8 14
002000 375 500 3 14
002001 375 500 0
002002 375 500 8
002004 500 375 19
002006 375 500 7
002011 375 500 11
002012 500 375 14
002015 375 500 15
002019 333 500 6
002020 333 500 2
002021 333 500 9
002022 333 500 13 14
002023 362 500 6
002024 375 500 5 14
002025 500 375 8 10
002027 375 500 5
002030 375 500 4 10 14
002034 288 500 7 11
002036 325 500 18
002037 375 500 2
002039 332 500 3
002042 360 480 12
002043 500 454 12
002045 379 500 6
002047 375 500 17
002049 315 500 15
002051 500 333 2 14
002054 414 500 18
002055 375 500 11 14 17
002056 500 375 5 6
002058 333 500 7
002061 375 500 10 14 17
002063 500 375 8 10
002064 375 500 1 8 10
002067 333 500 7
002068 335 500 18
002069 375 500 1 14
002070 189 500 17
002082 302 500 13 14
002083 375 500 18
002086 375 500 19
002088 332 500 9
002090 300 400 8 14
002091 375 500 3 14
002094 332 500 2
002095 383 293 7
002096 500 334 14
002098 375 500 4
002099 375 500 0
002101 500 333 11
002102 283 500 2
002104 332 500 13 14
002108 375 500 10 14 15
002109 300 400 7
002112 500 375 4
002114 375 500 14 18
002116 375 500 6 11 14 15 17
002117 500 375 11 14 19
002120 335 500 2 14
002124 333 500 8 17 19
002125 375 500 6
002126 375 500 9
002129 379 500 0
002132 375 500 19
002134 375 500 6
002135 500 375 6
002136 375 500 2
002139 500 400 4
002140 500 375 11
002142 333 500 14
002145 500 340 7 14
002146 500 375 11
002151 500 375 7
002152 500 500 9
002153 375 500 6
002155 333 500 13
002156 375 500 8 10 14
002158 300 500 2
002163 375 500 14
002165 500 331 2
002166 337 500 18
002169 500 334 14
002170 375 500 6 14
002171 500 375 1 14
002172 375 500 13 14
002174 333 500 6 14 19
002176 404 500 14 15 17
002178 375 500 6
002179 375 500 15
002180 375 500 6 14 18
002181 375 500 8
002182 333 500 6
002183 327 500 12 14
002184 375 500 11
002186 375 500 8 10 14
002187 332 500 12 14
002190 333 500 12 14
002191 375 500 13
002192 375 500 15
002193 375 500 14
002194 333 500 8 14
002196 500 375 7
002197 375 500 6
002199 372 500 11
002201 375 500 5
002202 364 500 7
002208 375 500 3
002209 500 500 16
002212 334 500 2
002213 380 464 12 14
002214 375 500 5 14 18
002215 261 500 7
002218 327 500 8 11
002219 375 500 14
002220 375 500 14
002221 500 375 4 8 10 14
002224 375 500 14
002226 333 500 4 14
002228 375 500 5 6
002233 500 273 14
002234 375 500 3
002237 375 500 9
002238 327 500 12 14
002241 379 500 6 14
002244 333 500 6 14
002247 500 375 6
002248 375 500 6
002249 332 500 12
002251 375 500 17
002253 385 500 1 4
002255 336 392 0
002256 375 500 5 14
002257 375 500 1
002259 333 500 17
002260 330 500 13
002261 332 500 12 14
002263 375 500 16
002265 500 333 2 14
002266 373 500 0
002267 333 500 16
002268 375 500 7 11 17
002270 375 500 1
002272 375 500 1 14
002273 212 320 12 14
002276 333 500 2
002277 500 383 11 14
002278 375 500 5
002279 333 500 0
002280 351 500 19
002281 238 500 6 14
002284 500 375 15
002285 333 500 14
002287 375 500 4 8 11
002288 332 500 3 14
002290 468 500 13 14
002291 433 500 6
002293 500 332 14
002300 375 500 9
002302 375 500 3 14
002305 375 500 8 15
002306 360 270 14
002307 333 500 6 14
002308 500 375 7 8
002310 333 500 2
002311 375 500 6 14
002315 333 500 11
002318 375 500 13
002320 335 500 15
002321 500 335 18
002323 375 500 9
002324 375 500 14
002328 375 500 19
002329 375 500 12 14
002330 357 500 16
002332 375 500 14 17
002333 335 500 2
002334 375 500 8 19
002335 375 500 17
002337 333 500 1 14
002340 375 500 6
002342 500 376 14
002343 375 500 6
002345 500 375 11
002347 375 500 15
002348 333 500 0
002350 500 375 4
002352 198 500 18
002354 375 500 0
002355 375 500 6
002359 375 500 11
002361 500 375 14 15
002362 375 500 8 14 15 17
002364 329 500 11
002366 375 500 13
002367 375 500 13 14
002368 500 333 8 10 17
002369 375 500 9
002371 357 500 1
002372 500 400 3 14
002373 332 500 6
002374 332 500 5 6
002375 427 500 7
002376 333 500 0
002377 375 500 1
002378 375 500 14 15
002382 240 360 14 17
002384 375 500 11 14
002385 375 500 10 14
002387 375 500 9 14
002391 360 237 7
002392 375 500 3
002393 334 500 6
002401 500 333 14
002403 375 500 2 3 14
002404 375 500 4 8 10
002405 431 500 12 14
002407 500 375 7
002410 375 500 14
002411 375 500 6
002413 500 375 14
002415 500 332 11
002417 500 500 8
002419 344 500 13 14
002420 333 500 6
002423 361 500 18
002425 500 375 8 14 17
002427 240 320 15 17
002433 375 500 14
002435 375 500 3
002436 375 500 6
002437 338 500 7
002439 375 500 0 6
002441 375 500 7 19
002442 500 375 4 8 10
002443 500 333 11 14
002444 375 500 4 14
002445 500 360 7
002448 480 412 12 14
002450 423 500 11 14
002452 375 500 16
002454 334 500 6
002456 375 500 8 10
002458 375 500 13 14
002459 322 500 14
002460 375 500 1 14
002461 375 500 7 17
002462 375 500 18
002465 375 500 3
002466 333 500 11
002468 358 500 2
002470 500 417 7
002471 375 500 12
002472 375 500 0 14
002476 333 500 14
002477 375 500 14 18
002478 375 500 6
002479 375 500 3
002480 375 500 7
002481 500 334 14
002483 375 500 7 8 14 15 17
002490 375 500 5 6
002491 500 375 14
002492 375 500 8 17
002493 375 500 6
002494 375 500 9
002496 404 500 18
002497 375 500 6 14
002500 500 375 3
002501 375 500 8 14 17
002502 500 335 18
002504 374 500 6 14
002505 375 500 9
002508 333 500 1
002512 375 500 1 11
002513 375 500 0
002514 333 500 14 19
002518 332 500 4 14
002519 375 500 13
002520 332 500 12 14
002523 375 500 1
002524 500 333 14
002525 375 500 18
002529 375 500 10 14
002533 375 500 6 14
002534 333 500 6
002537 391 458 11
002539 333 500 5 14
002540 375 500 1 14
002542 375 500 8 10 14 15
002544 375 500 6
002545 500 375 4 14 17
002546 375 500 11
002547 375 500 2
002549 375 500 19
002554 332 500 12 14
002555 375 500 12 14
002558 375 500 1 14
002559 375 500 6 8 15
002561 375 500 8 14 19
002563 334 500 6 14
002564 333 500 14 17
002565 375 500 14 18
002566 375 500 5 6 14
002567 375 500 13
002569 500 378 15
002571 333 500 2
002572 333 500 4 8 14
002578 375 500 11
002579 500 384 2
002584 500 304 6 14
002585 331 500 13 14
002586 500 500 2
002589 300 400 8 14 17
002590 500 375 18
002593 375 500 16
002594 235 500 15
002595 375 500 6 14
002598 500 333 15
002599 375 500 13
002600 375 500 18
002603 375 500 2
002605 333 500 3
002606 335 500 6
002609 342 500 11
002611 375 500 11 14
002613 375 500 4 14
002615 333 500 16
002618 384 500 16
002621 375 500 2
002625 375 500 6 14
002627 500 375 8 10 17 19
002632 352 288 14
002633 500 332 12 14
002634 339 500 9
002635 334 500 2
002636 375 500 8 10 14 17
002637 375 500 7 14
002641 375 500 4 14
002643 375 500 6 13 14
002645 332 500 8 19
002646 375 500 6
002647 333 500 6
002648 375 500 16
002649 320 500 14
002653 375 500 3
002657 375 500 12 14
002658 333 500 4 8 10 14 15
002659 375 500 3
002662 378 500 10 14
002664 335 500 2
002666 500 334 6 13
002667 333 500 6
002668 375 500 10 14 15
002669 375 500 9 14
002670 500 375 11 17
002675 333 500 1 14
002677 500 333 7
002678 318 480 12 14
002680 334 500 11
002682 375 500 6
002683 375 500 16
002684 500 447 12
002689 375 500 14
002690 500 375 11
002691 375 500 6 11 14 17
002693 335 500 6 14
002695 375 500 9
002696 500 400 8 11 14
002697 498 480 11
002699 375 500 5
002702 500 333 8
002704 500 334 6
002706 333 500 7
002709 432 500 2
002710 331 500 14
002713 500 375 12 14
002714 375 500 14
002715 375 500 1 14
002717 375 500 2
002718 375 500 2
002721 357 500 2
002722 375 500 1
002723 375 500 13 14
002727 333 500 1 14
002730 333 500 6 14
002732 400 500 11
002734 374 500 5 6
002735 480 423 12 14
002737 335 500 0
002738 281 500 3
002741 333 500 14 18
002744 378 500 14
002745 500 375 4 15
002747 375 500 8
002749 375 500 9
002751 375 500 1 8 14
002755 375 500 10 14
002757 381 500 18
002759 374 500 6 13 14
002760 333 500 7
002762 375 500 2
002763 375 500 9
002765 332 500 0
002766 375 500 7
002767 375 500 8 14 19
002772 375 500 6
002774 375 500 12
002775 500 375 15
002776 332 500 5 6 14
002778 375 500 8 19
002779 331 500 6
002782 333 500 18
002783 375 500 5 6
002784 500 333 11
002785 333 500 7
002786 332 500 12 14
002791 319 500 2
002794 375 500 9
002795 375 500 13 14
002796 500 332 7
002798 375 500 8 10 14 15
002800 425 488 12
002801 375 500 8 10
002803 375 500 8 14
002804 375 500 6 12 14
002807 500 471 13 14
002810 325 500 11
002812 375 500 5 6
002815 500 333 14
002816 375 500 5
002817 375 500 15
002820 371 500 15
002826 500 333 11 14
002827 331 500 14
002833 333 500 6
002834 488 500 14
002835 272 500 18
002836 333 500 2
002838 321 500 3 14
002841 500 375 14
002842 332 500 12 14
002844 325 500 18
002845 500 375 16
002847 333 500 0
002848 96 500 13
002854 333 500 6
002855 375 500 14 17
002858 500 333 12 14
002859 375 500 5 14
002864 375 500 14
002866 375 500 8 10
002867 500 374 5 14
002868 375 500 2 9
002869 333 500 0
002870 333 500 13 14
002873 375 500 0 16
002875 375 500 11
002879 375 500 14
002880 500 455 11
002881 500 500 4 14
002884 333 500 6 14
002886 375 500 14
002889 333 500 14
002891 360 500 18
002893 375 500 13
002896 500 375 2
002899 500 375 5 14
002901 375 500 14 19
002906 500 375 18
002910 375 500 8
002912 500 375 1 14
002913 312 500 14 18
002914 375 500 10 14
002915 375 500 14
002916 500 375 14 17
002917 375 500 6
002919 375 500 2
002924 322 500 7 15
002931 375 500 4 14 17 19
002932 500 375 14
002933 341 500 11 14
002934 500 393 7
002935 235 314 14
002937 333 500 6
002938 321 500 2
002939 375 500 4 8 14 19
002940 375 500 9 14
002941 375 500 4
002942 333 500 0
002943 375 500 8 10
002944 500 335 7
002946 375 500 15
002947 500 375 8 17
002952 375 500 7 19
002953 370 500 4 19
002954 375 500 14
002956 375 500 1
002957 375 500 8 11
002958 333 500 14
002960 333 500 14
002962 334 500 14 19
002963 375 500 16
002965 375 500 4 14
002966 334 500 11
002967 500 336 15
002969 375 500 2
002975 285 500 14 18
002976 500 251 14
002977 374 500 11
002978 375 500 9
002984 330 500 2
002986 375 500 16
002987 334 500 5 14
002988 375 500 14
002989 333 500 8 17 19
002990 375 500 9 14
002992 500 333 1 14
002994 375 500 6
002995 500 408 7
003000 333 500 0
003002 500 375 14 15
003003 375 500 14
003004 375 500 7 8 15 17
003005 375 500 8 17 19
003007 332 500 6
003008 333 500 3
003009 494 500 6
003011 375 500 8 10 17 19
003013 375 500 6
003015 375 500 12
003017 311 500 12 14
003021 375 500 5
003023 500 381 8 14
003024 208 500 1 8 14 15 17 19
003027 318 480 6 12 14
003028 334 500 0
003031 375 500 7 14
003032 375 500 0 6
003034 375 500 8 10 14 15 17
003038 335 500 18
003039 375 500 14
003042 375 500 8 10 14
003044 500 375 14 15
003045 375 500 7
003047 377 500 1
003051 333 500 6
003053 333 500 6 18
003054 375 500 6 17
003056 375 500 4 8 10 17
003057 500 375 6 13 14
003058 500 396 14
003061 333 500 8
003063 500 375 14 17
003064 500 375 14
003065 333 500 3 14
003066 426 500 2
003072 333 500 2
003074 333 500 2
003077 332 500 8 14 17
003078 500 500 8 14
003082 407 500 2
003083 500 375 5 6
003085 376 500 7
003086 375 500 14
003088 375 500 4 14
003089 333 500 13 14
003090 345 500 18
003092 334 500 6
003093 375 500 15
003094 333 500 6
003098 352 500 3
003100 375 400 11 14
003102 500 333 1 14
003103 226 361 6
003105 333 500 9
003106 375 500 7 14
003107 500 332 14
003108 375 500 4 17
003110 358 500 11
003112 449 500 2
003116 400 500 2
003117 333 500 6
003118 333 500 2 14
003120 375 500 8 10 17 19
003121 333 500 12 14
003122 375 500 4 14
003124 375 500 13 14
003126 375 500 2
003127 375 500 7
003129 375 500 8 14
003133 333 500 0
003134 366 500 14
003135 375 500 18
003137 375 500 5
003138 375 500 14
003140 335 500 14
003142 375 500 1
003145 375 500 14
003146 375 500 15
003147 332 500 11 14
003149 375 500 4
003150 375 500 14 17
003154 375 500 5
003155 500 333 2
003157 500 375 19
003159 360 480 4 14
003161 328 500 11 16
003162 366 500 13 14
003163 295 500 5
003164 375 500 18
003165 355 323 6
003169 375 500 7 17
003170 375 500 14 16
003175 500 333 1 14
003176 500 375 6
003177 500 375 11
003178 375 500 18
003181 375 500 4 14
003183 375 500 0
003184 375 500 7
003185 375 500 4 8 14
003186 332 500 8 15 17
003188 375 500 1 14
003189 500 458 12 14 15
003194 333 500 11
003195 333 500 5 6
003199 333 500 2
003200 379 500 0
003202 375 500 8 10 15
003204 375 500 19
003205 500 333 8 14
003207 333 500 4
003210 480 351 12 14
003211 375 500 15
003213 334 500 7 14
003214 375 500 6
003216 333 500 8 11
003218 334 500 1 14
003219 500 334 4 8 10
003223 500 375 3
003228 333 500 5 6 11 14
003229 375 500 0
003231 500 375 6
003233 375 500 0
003236 375 500 14 17
003239 375 500 8 15
003240 500 374 1 6
003242 375 500 2
003243 375 500 6
003244 375 500 18
003247 375 500 4 14
003250 333 500 2
003253 430 500 11 14
003254 375 500 2
003255 375 500 17
003256 375 500 2 6
003258 333 500 17 19
003259 333 500 4 8 10 14
003260 500 326 14 19
003261 375 500 6 14
003262 375 500 4
003269 375 500 4
003270 333 500 2 14
003271 375 500 6
003272 335 500 7
003273 500 375 2
003274 375 500 11
003279 400 500 17
003280 333 500 14
003282 500 334 14
003284 375 500 3 8 10 11 14 15 17
003285 281 500 6
003290 332 500 12 14
003292 240 360 14
003293 500 333 11
003294 500 332 12
003296 374 500 14
003299 335 500 0
003300 375 500 8 10 17 19
003301 333 500 8 11 14 15
003303 500 332 12 14
003307 299 338 12
003308 500 375 7 8
003311 375 500 5 14
003313 333 500 6 14
003316 403 500 2
003320 333 500 14
003325 375 500 11
003327 500 375 13 14
003330 333 500 2
003331 333 500 6 14
003335 375 500 8 14
003336 375 500 13
003337 375 500 3
003338 329 500 2
003339 288 432 11
003343 375 500 11
003344 333 500 6 14
003349 333 500 2
003350 334 500 8 10 14
003351 375 500 7
003354 331 500 9
003355 335 500 6 14
003356 375 500 19
003359 382 500 6
003360 500 333 8 11 14
003362 332 500 12 14
003363 500 334 6
003365 333 500 0
003367 375 500 13 14 15
003369 375 500 0 14 19
003370 332 500 18
003373 375 500 11 14
003374 359 480 11 15 19
003376 375 500 4 8 14
003377 500 375 2
003379 333 500 6
003380 375 500 14
003382 500 375 14 16
003386 281 500 0 14
003390 375 500 6 14
003391 375 500 13 14
003392 375 500 7
003395 500 375 1 14 17
003396 344 500 13 14
003397 375 500 6 14
003398 375 500 19
003401 281 500 8 19
003403 334 500 12 14
003404 375 500 3
003406 375 500 6 14
003407 375 500 5 14
003408 375 500 17
003410 375 500 9
003412 500 332 13 14
003413 375 500 3
003415 374 500 7
003416 333 500 2 14
003417 335 500 14 18
003419 375 500 15
003420 375 500 6
003421 500 375 8
003422 375 500 8 10 14
003424 500 333 12 14
003425 375 500 11
003429 351 480 12 14
003430 375 500 11
003433 500 375 1 8 14
003435 334 500 14
003436 375 500 12 14 15
003439 333 500 9
003441 375 500 5
003443 375 500 11
003444 270 369 17
003449 375 500 4 19
003450 388 500 14 15 17
003451 333 500 4 8 17 19
003452 500 333 8 10
003453 375 500 14 17
003455 333 500 0 14
003458 500 328 2
003461 333 500 6 8
003462 375 500 11 14 15
003464 327 500 18
003465 375 500 14
003466 375 500 10 14 15
003468 375 500 1 14
003469 375 500 1 14
003470 500 333 13 14
003477 375 500 8
003484 333 500 6 14
003487 375 500 14 19
003489 375 500 11
003491 375 500 11
003492 366 500 12 14
003493 372 500 0
003496 333 500 4 14
003497 335 500 18
003499 375 500 18
003500 375 500 7
003506 332 500 15
003508 500 333 11
003509 500 375 15
003510 375 500 8 14
003511 332 500 1
003516 333 500 8 10
003518 333 500 8 14
003519 375 500 2
003521 375 500 8 14
003522 375 500 7
003524 500 459 2
003525 375 500 7
003528 375 500 14 17
003529 333 500 10 14
003530 375 500 14 17
003536 375 500 11 14
003537 291 500 18
003539 375 500 13 14
003546 375 500 7
003548 375 500 14
003549 278 370 1
003550 500 333 14
003551 375 500 6
003554 333 500 0
003555 375 500 6 15
003556 500 357 4 14
003564 335 500 18
003565 375 500 2
003566 500 375 4 14
003567 331 500 13 14
003575 375 500 14 17
003576 265 500 5 13 14
003577 375 500 4 10 14
003580 500 398 14
003585 500 333 13 14
003586 212 320 7
003587 361 500 6 18
003588 333 500 8
003589 358 500 1 14
003593 333 500 16
003594 482 500 2
003596 375 500 6
003597 500 421 18
003599 332 500 1
003603 375 500 10 14
003604 375 500 11 19
003605 386 500 18
003606 375 500 6
003608 375 500 6
003609 270 360 8 17
003611 375 500 12 14
003614 375 500 2
003618 332 500 12 14
003620 333 500 7
003621 343 500 1 5 14
003622 375 500 15
003623 375 500 2
003625 332 500 12 14
003627 333 500 11
003628 333 500 14 18
003629 375 500 15
003632 375 500 11
003634 281 500 6
003635 375 500 5
003636 375 500 5 6
003638 375 500 8 10 14
003639 375 500 3
003640 375 500 9
003642 260 500 5
003644 281 500 8 10 14
003645 330 500 12 14
003646 375 500 2
003648 375 500 14 17
003651 360 480 14 18
003654 500 375 14
003655 500 375 6 14
003656 313 500 7
003657 344 500 3
003658 341 500 1
003660 500 375 19
003662 500 333 8 14 19
003663 333 500 14
003664 375 500 8 14
003667 500 448 0
003669 375 500 3 14
003671 333 500 11
003673 375 500 11
003674 375 500 7
003675 333 500 2
003678 332 500 4 10 14 19
003679 332 500 2
003681 375 500 11 16
003684 500 375 13
003685 375 500 14 18
003688 333 500 14
003690 375 500 14 17
003691 500 333 12 14
003694 333 500 8 14 15 17 19
003695 318 480 18
003696 332 500 12 14
003698 375 500 16
003699 375 500 14 15 17
003700 375 500 14
003703 375 500 6 14
003704 375 500 2
003705 375 500 16
003706 375 500 13 14
003708 500 375 8 10 14
003709 375 500 18
003711 396 500 5 6 14
003713 375 500 6
003714 375 500 16
003717 334 500 1 14
003721 333 500 6
003722 339 500 3
003727 500 333 2
003729 375 500 4
003732 500 375 12 14
003735 345 480 12 14
003740 375 500 11 14
003743 281 500 17
003748 375 500 2
003749 375 500 14
003750 375 500 2 9
003751 334 500 7 8 14 17 19
003752 375 500 18
003753 375 500 8 11
003754 357 500 12
003758 333 500 15
003759 375 500 14 19
003760 375 500 11 13 14
003763 375 500 7
003767 375 500 8
003772 375 500 12
003773 333 500 0
003774 375 500 11
003779 465 480 12 14
003780 500 375 7 14 19
003781 375 500 14
003783 500 375 4
003784 500 328 1
003786 281 500 5
003788 281 500 7 8
003790 375 500 6
003791 375 500 8 10 15
003792 338 500 11
003793 500 375 7 17
003796 375 500 15
003797 414 500 3 14
003798 389 500 6
003803 500 375 2
003806 282 500 6
003807 375 500 7
003808 333 500 19
003809 333 500 6
003811 374 500 3 14
003814 374 500 7
003817 333 500 14
003818 335 500 18
003820 375 500 6 14
003821 375 500 11
003824 500 333 6 13 14
003826 331 500 13 14
003827 330 500 1 14
003828 500 403 2
003830 344 500 18
003834 375 500 15
003835 375 500 5 6
003837 500 375 8
003838 375 500 14
003844 375 500 7
003845 375 500 17
003846 333 500 11
003847 375 500 14
003848 176 500 18
003849 332 500 13 14
003855 375 500 1 13 14
003856 370 500 14
003857 500 375 8
003859 500 375 4 8 10 14
003860 333 500 3 14
003861 334 500 3
003863 335 500 3 14
003865 375 500 4 8 10 14
003866 338 500 18
003868 375 500 14
003869 333 500 11 14
003871 500 333 2
003872 375 500 11
003874 375 500 16
003876 382 500 0
003877 375 500 14 15 17
003879 375 500 14
003885 500 375 6
003886 332 500 0
003887 500 361 9
003889 318 480 8 12 14
003890 500 374 7
003891 500 332 6 14
003895 332 500 18
003898 185 500 2
003899 375 500 11 14
003905 357 500 2
003907 375 500 8 17
003911 293 500 17 19
003912 394 500 7
003913 375 500 14
003915 375 500 11 14
003918 500 396 2
003919 375 500 3 5
003921 375 500 11
003923 333 500 8 10 14
003924 500 375 15
003926 500 339 18
003932 500 375 4 14 15
003935 375 500 11
003936 330 500 6
003937 333 500 7
003939 198 500 12 14
003941 375 500 13
003945 334 500 1 14
003946 500 333 11 14
003947 500 375 8 10 19
003948 224 320 12 14
003949 332 500 2
003953 500 375 14 17
003954 333 500 6
003956 500 375 15
003957 332 500 18
003960 375 500 12 14
003961 500 375 14
003963 375 500 14 17 19
003965 375 500 2
003966 500 375 5 14
003969 334 500 2 11
003970 480 318 12 14
003971 375 500 6
003973 375 500 5 6 14
003974 380 500 3 6 14
003979 333 500 2
003983 333 500 19
003984 387 500 7
003986 375 500 11 14 17
003987 500 333 6
003988 336 448 8
003990 375 500 11
003991 389 500 7
003992 334 500 13 14
003993 333 500 0
003994 375 500 9 14
003996 375 500 14
003997 322 500 6
003998 375 500 6
004003 375 500 13
004005 373 500 18
004008 333 500 11 14
004009 366 500 0
004010 418 500 14 17
004011 333 500 6
004012 500 375 8 14
004013 423 500 2
004014 500 375 8 14
004015 375 500 11
004016 375 500 7 14
004017 375 500 14 15
004019 375 500 6 14
004020 375 500 14 19
004023 375 500 9
004025 333 500 2
004028 375 500 8 14 15
004031 375 500 7 14 17
004033 342 500 13 14
004034 500 375 11
004035 375 500 7 11
004037 500 338 15
004039 500 375 14
004046 335 500 2 14
004047 471 500 7 8 10 14
004051 403 480 12 14
004052 319 500 0
004057 329 500 1
004058 500 333 14
004060 375 500 14 17
004066 375 500 17
004067 331 500 13 14
004069 375 500 2
004073 375 500 5 6 14
004075 500 375 4 14
004076 375 500 7
004077 375 500 11 12 14
004082 375 500 1
004085 375 500 11 14
004087 375 500 5 6
004089 334 500 6 14
004091 375 500 6 14
004092 375 500 14
004093 333 500 8
004095 334 500 11
004100 333 500 19
004102 375 500 18
004105 375 500 8 15 17
004106 375 500 8 17 19
004108 333 500 6
004110 375 500 4 14
004111 375 500 8 14 19
004113 375 500 11
004117 348 480 12 14
004120 333 500 5
004121 332 500 14 15
004122 500 375 14
004129 375 500 7
004131 333 500 2
004133 334 500 14
004135 333 500 0
004136 375 500 1 5 6 14
004137 375 500 11 14
004138 480 320 14
004140 375 500 1 4
004141 500 420 9 14
004142 375 500 8 11 14 17
004143 375 500 2
004145 375 500 6 13 14
004146 375 500 12
004148 332 500 19
004149 375 500 7 8 10
004150 500 333 7 19
004152 500 375 4
004158 333 500 4 14
004163 500 500 19
004164 375 500 8 17 19
004168 439 500 12 14
004169 500 333 14
004170 335 500 3 14
004171 500 446 2
004174 454 500 5
004178 307 500 11
004185 375 500 7
004186 375 500 5 6
004189 333 500 11
004190 375 500 19
004191 500 332 13 14
004192 375 500 19
004193 375 500 4 8 19
004194 500 455 3
004195 375 500 12 14
004196 336 500 0
004200 270 375 9
004201 375 500 8 14
004203 385 500 6
004204 375 500 2
004205 333 500 14
004209 375 500 11 14
004212 375 500 7 15
004215 375 500 13
004220 333 500 2
004221 375 500 2
004223 327 500 14
004224 375 500 0 14
004228 294 500 6
004229 375 500 13 14
004230 333 500 14
004231 354 500 6 14 19
004232 263 500 11 14
004237 375 500 14 19
004239 500 333 16
004241 375 500 3
004242 375 500 6
004244 375 500 6 14
004246 375 500 3 14
004247 400 500 2
004253 375 500 8 10
004255 376 500 13
004256 323 500 18
004257 375 500 8 14
004258 375 500 3 14
004259 375 500 8 14 17
004263 335 500 2
004264 375 500 11
004265 375 500 14
004269 332 500 14
004270 375 500 8 14
004271 500 432 2
004272 500 375 11
004273 375 500 14
004274 375 500 15 19
004275 500 375 13 14 15
004279 375 500 4 10 14
004280 500 333 4
004281 375 500 14 18
004283 500 375 13
004284 263 500 6
004286 333 500 0
004287 400 500 7 14
004291 500 375 4 14
004292 500 374 14 15
004293 374 500 11
004295 375 500 6
004296 500 375 4 10 14
004298 375 500 11 14 17
004300 375 500 13
004303 281 500 5 6
004304 375 500 6 14
004307 332 500 12
004310 333 500 7 8
004312 375 500 16
004315 500 335 18
004318 500 375 11
004321 333 500 13 14
004322 500 333 4 14
004323 500 332 12 14
004325 500 390 3
004326 349 500 2
004327 422 500 11 14
004329 375 500 6 14
004331 375 500 19
004333 375 500 4
004338 333 500 13
004339 500 332 12 14
004341 375 500 19
004345 332 500 7
004346 375 500 6 14
004347 333 500 2
004349 376 500 2
004351 333 500 0
004352 375 500 11
004354 333 500 18
004356 375 500 1 14
004359 375 500 1 14
004360 500 333 14
004361 375 500 13 14
004364 332 500 8 15 17
004365 374 500 6
004367 375 500 6
004368 374 500 9
004369 375 500 17
004370 333 500 4 14
004371 491 500 3
004372 332 500 12 14
004376 374 500 7
004379 375 500 0
004380 500 333 13 14
004384 375 500 6 14
004386 333 500 6 18
004387 375 500 3 5 6 14
004389 500 327 12 14
004390 333 500 0
004391 333 500 0
004392 375 500 8 14 15
004396 375 500 0
004397 500 377 14
004404 375 500 7 14
004405 500 333 8 10
004409 323 500 11
004411 375 500 18
004421 500 375 8 10
004423 375 500 16
004424 500 375 14
004429 374 500 1 6
004430 333 500 1
004432 500 500 7
004433 500 342 11 14 15
004434 375 500 11
004436 500 332 18
004437 375 500 14 18
004438 360 480 11 14 19
004439 334 500 6
004441 500 374 9
004446 375 500 7 15
004450 500 333 12
004452 375 500 0
004455 333 500 7 15
004457 375 500 14
004459 375 500 0 14
004463 324 432 13 14
004464 375 500 3 11 14
004466 375 500 4 14
004468 500 174 4
004470 375 500 0 14
004471 500 281 14
004474 375 500 9
004479 375 500 4 14
004481 411 500 6 14
004484 375 500 8 10 15
004487 500 334 12 14
004488 375 500 6
004490 375 500 16
004493 375 500 4 10
004494 332 500 6 14
004495 375 500 4 14
004496 333 500 8 14
004498 500 332 3
004499 375 500 14 17
004500 360 480 9
004502 413 500 7
004507 375 500 13
004508 334 500 4 14
004509 500 333 1 14
004510 375 500 8 19
004512 332 500 8 11 14
004514 375 500 19
004517 500 421 14
004518 375 500 14
004519 375 500 6
004520 478 500 14
004524 375 500 2
004526 375 500 6
004527 500 500 16
004528 500 310 0 14
004530 375 500 5 14
004532 374 500 3
004535 445 480 12 14
004537 388 500 9 12 14
004539 375 500 6
004540 500 333 17
004542 376 500 14 17
004544 334 500 5 6
004548 367 500 11
004549 375 500 8 17 19
004551 375 500 11
004552 375 500 5
004553 334 500 12 14
004555 333 500 0
004558 500 333 15
004562 500 375 14 17
004563 333 500 6 14
004565 500 500 11
004566 375 500 7
004570 375 500 0
004571 323 500 9 14
004574 500 334 8 14
004576 333 500 6
004579 372 500 18
004581 333 500 5 6
004584 375 500 17
004585 375 500 9
004587 500 333 11
004588 500 411 4 14
004591 333 500 6 18
004592 375 500 3
004595 375 500 11 14
004597 375 500 8
004600 375 500 7
004601 333 500 13 14
004604 375 500 6 13 14
004605 333 500 1 14
004606 375 500 0
004607 375 500 8 14 17
004609 500 375 11 14
004611 375 500 8 10 14
004612 332 500 2
004618 500 375 6
004622 500 375 1 14
004623 378 500 2
004625 375 500 12
004626 333 500 18
004627 375 500 18
004628 333 500 7
004630 375 500 5 14
004631 500 375 8 14 15
004632 375 500 11
004634 500 460 12
004636 280 500 2
004643 374 500 0
004644 333 500 11
004647 333 500 13 14
004648 375 500 5 14
004649 335 500 18
004651 375 500 3
004652 333 500 19
004653 500 333 14
004654 357 500 7 8
004655 350 500 8 10
004656 500 375 12 14
004660 375 500 6 14
004662 500 332 12 14
004671 500 317 4
004672 375 500 1 14
004673 333 500 1 14
004674 333 500 0
004675 190 500 18
004676 375 500 1 14
004679 375 500 11 14
004682 375 500 15
004683 375 500 7
004685 500 333 14
004686 322 500 9 12 14
004687 375 500 6 13 14
004689 375 500 18
004691 375 500 6 18
004692 500 375 8 11 14
004693 333 500 14 18
004694 500 252 13 14
004699 378 500 14 15
004701 375 500 4
004702 307 500 2
004705 330 500 5 6
004706 357 500 1 14
004707 500 375 14 15
004708 375 500 7 17
004710 331 500 4
004714 375 500 8 15 17
004715 375 500 14
004718 375 500 4 14
004719 333 500 5 6
004722 375 500 12 14
004723 375 500 14
004727 500 500 5 6 14
004732 500 375 8 14
004735 375 500 8
004737 333 500 11
004742 375 500 4 8 10 14 15
004743 375 500 7
004746 335 500 18
004747 375 500 6
004748 375 500 0 6
004750 331 500 6 13 14
004753 375 500 4 8 14
004754 500 375 17 19
004760 375 500 11 14
004761 500 375 1 14
004768 375 500 16
004770 500 335 14
004773 500 375 8 10 19
004776 375 500 18
004777 395 500 11
004779 375 500 6 14
004782 334 500 1 14
004783 334 500 2
004785 331 500 8 10
004786 375 500 6
004788 388 480 12 14
004789 332 500 12 14
004790 375 500 14
004792 500 375 7
004793 375 500 6
004794 329 500 2
004796 375 500 13 14
004797 333 500 1 14
004799 500 341 2
004801 333 500 14
004805 333 500 6 13
004808 375 500 6
004812 362 500 0 14
004814 333 500 7
004815 332 500 12 14
004816 333 500 11
004818 400 500 8
004823 375 500 6
004825 500 375 15
004826 375 500 9 14
004828 483 500 6 14
004830 333 500 6 14
004831 333 500 14
004832 471 474 7 14
004834 480 387 12 14
004836 446 500 13
004837 375 500 8 17
004839 500 332 3
004840 375 500 13 14
004841 375 500 0
004842 333 500 16
004846 338 500 14 17
004848 490 500 2
004849 500 336 18
004850 375 500 6
004852 375 500 14
004856 500 368 7
004857 375 500 8 10 14
004859 500 375 8 14
004863 375 500 6
004866 375 500 7
004867 333 500 18
004868 375 500 10 14 19
004869 500 350 2
004872 375 500 12 14
004873 375 500 6
004876 248 500 2
004878 375 500 7 17
004879 330 500 1 14
004882 333 500 13 14
004885 375 500 3
004886 375 500 4 14
004890 380 500 6
004895 371 500 15
004896 332 500 0
004897 333 500 14
004898 375 500 14 15
004902 375 500 12 14
004903 331 500 6 17
004905 333 500 0
004907 333 500 7
004910 500 333 5
004911 375 500 18
004912 375 500 1 8
004913 375 500 14
004916 333 500 4 14 19
004926 375 500 4 8 10 17
004928 333 500 14
004929 375 500 11
004931 375 500 3 14
004935 500 332 12 14
004936 375 500 1
004938 375 500 17
004939 333 500 8 14 15
004943 333 500 4 10 14
004946 500 375 6 14
004948 375 500 15
004950 196 320 12 14
004951 375 500 18
004953 358 500 1 5 14
004954 500 450 14 16
004955 374 500 7 19
004956 500 333 8 19
004958 333 500 3
004960 500 426 15
004961 333 500 6
004962 333 500 6
004963 334 500 7
004966 326 500 2
004967 357 500 13
004968 500 329 12 14
004972 500 393 2
004973 375 500 6
004974 329 500 2
004976 338 500 10 14
004977 375 500 11 14
004982 333 500 0
004983 500 338 1 6
004984 375 500 8
004985 375 500 7 14
004986 500 375 8
004987 500 307 14
004990 375 500 14 17
004991 375 500 8 10 15
004992 375 500 11
004994 354 500 8 14
004995 500 332 12 14
004997 334 500 18
004998 375 500 7
004999 375 500 11
005001 333 500 16
005003 375 500 6
005004 333 500 17
005006 500 375 2
005007 375 500 19
005014 375 500 8 14
005016 333 500 0
005018 331 500 11
005020 375 500 6
005023 500 394 2
005024 375 500 14
005026 375 500 5
005027 375 500 8 14 19
005028 375 500 6
005029 335 500 1 14
005032 500 335 18
005033 379 500 2
005036 334 500 9 14
005037 500 333 14
005039 375 500 14
005042 500 340 1 14
005045 375 500 14
005047 252 500 6
005052 500 325 4 14
005054 500 334 14
005055 375 500 8 10 17
005056 372 288 11
005057 335 500 1 14
005058 375 500 16
005061 375 500 10 14 15
005062 375 500 11
005063 500 375 9 14
005064 375 500 1 14
005065 375 500 6
005067 333 500 6
005068 500 375 5 6
005071 375 500 6
005072 333 500 6
005073 375 500 3
005077 375 500 18
005078 375 500 7
005079 375 500 0
005081 281 500 11 12 14
005084 375 500 2
005085 500 355 8 10
005086 375 500 8 10 14
005090 352 500 5 6 14
005093 500 333 13 14
005094 375 500 12 18
005097 375 500 11 14 17
005101 500 375 7 8
005102 375 500 6 14
005104 333 500 7 17 19
005107 375 500 1 14
005108 281 500 0 3
005110 375 500 6
005111 500 367 14
005114 322 500 9 12 14
005116 331 500 13 14
005121 333 500 11
005122 500 333 1 4 14
005124 324 500 9 14
005128 375 500 3
005129 375 500 8 14 15
005130 500 500 2
005131 375 500 7
005134 375 500 14
005135 332 500 8 17
005136 375 500 18
005138 445 500 2
005143 289 274 15
005144 500 332 14
005145 500 333 12 15
005146 303 500 1 14
005150 400 500 1 3
005153 375 500 8 19
005156 375 500 6 13 14
005159 375 500 6 14
005160 375 500 4 8 10 14 15 19
005161 375 500 12 14
005168 333 500 18
005169 500 375 6 7
005171 313 500 3
005173 289 500 13 14
005175 375 500 0
005176 375 500 14
005177 500 377 17
005179 270 360 17
005181 375 500 3
005183 500 375 7 15
005185 375 500 11 17
005186 375 500 8 15 17
005189 405 500 14
005190 375 500 14 15
005191 375 500 8 10
005195 333 500 4 8 10 14
005199 375 500 6
005202 375 500 2
005203 375 500 11 17
005208 333 500 14
005209 333 500 6
005210 281 500 19
005212 333 500 8 13 17
005214 381 500 18
005215 375 500 13
005217 335 500 3
005219 333 500 14
005220 375 500 14
005222 333 500 7 14
005223 375 500 16
005224 375 500 15
005229 375 500 14
005230 374 500 1 14
005231 375 500 11 14 17
005236 375 500 12 14
005239 500 375 14
005242 333 500 4 10 14 17
005244 375 500 18
005245 375 500 4 10 14
005246 387 500 2
005248 375 500 12 14
005253 333 500 2
005254 375 500 11
005257 333 500 3 14
005258 375 500 13
005259 333 500 6
005260 235 500 13 14
005262 375 500 5 6
005263 375 500 17
005264 500 499 2
005267 335 500 18
005268 375 500 1 14
005269 395 500 14 18
005270 375 500 7
005273 375 500 1 6 14
005274 375 500 11 14
005278 318 480 12 14
005281 500 330 1 14
005283 375 500 14
005285 375 500 2
005288 375 500 16
005290 333 500 0
005292 376 500 17
005293 500 375 11
005297 333 500 14
005298 333 500 14
005303 500 378 11 14
005304 400 500 4 14
005305 500 375 6
005306 375 500 12 14
005307 375 500 7 14
005310 333 500 14
005311 332 500 10 14
005312 370 500 7
005314 375 500 13
005315 375 500 1 14
005318 375 500 6
005319 500 428 16
005320 375 500 3
005325 375 500 3
005326 376 500 9 14
005327 375 500 11 14 17
005328 375 500 2
005331 480 318 6 12 14
005336 500 429 14 17
005337 223 500 3
005338 375 500 2
005340 294 470 3
005343 375 500 14
005344 500 334 1 14
005345 500 375 4 8 10
005346 330 500 14 15 17
005348 500 333 14
005349 375 500 8 19
005350 333 500 6
005351 375 500 12 14
005352 335 500 11
005355 375 500 18
005358 375 500 0 3
005360 335 500 18
005363 500 375 16
005365 376 500 11
005367 333 500 4
005368 500 334 1 14
005369 375 500 3
005370 333 500 3
005371 333 500 2 14
005373 333 500 6
005374 374 500 5 14
005378 374 500 8
005379 334 500 11
005380 500 375 7 8
005383 326 500 14
005384 375 500 14 18
005385 336 500 4 14 17
005387 375 500 5 6
005388 500 375 4
005389 244 432 18
005391 375 500 0
005393 333 500 0
005395 375 500 16
005396 475 500 14 19
005397 375 500 8 17
005398 375 500 13 14
005404 375 500 9
005405 500 375 14
005406 333 500 0
005407 500 332 18
005408 300 400 11
005410 333 500 1 14
005413 500 375 3 14
005414 333 500 13 14
005416 439 500 11
005417 375 500 14
005418 375 500 9
005419 480 310 12 14
005420 500 445 3
005421 375 500 14
005423 500 375 6
005424 500 326 1 14
005429 333 500 1 14
005430 375 500 1 4 14
005431 375 500 3
005433 375 500 11 17
005434 320 212 7 8
005436 375 500 13
005438 342 500 8 17
005439 375 500 8 14 17
005440 335 500 18
005441 375 500 4 14
005445 500 375 7
005448 331 500 5 13 14
005450 500 357 14
005451 500 375 10 14
005453 333 500 11 12
005454 375 500 8 19
005455 293 383 7
005457 346 500 6 14
005461 375 500 12 14
005465 375 500 0 8
005467 375 500 4 10 14
005469 333 500 16
005470 500 375 7
005471 333 500 4 8 14
005475 333 500 6 14
005478 500 376 14 17
005481 375 500 6 18
005483 285 450 6
005485 375 500 2 14
005486 375 500 6
005487 333 500 0 14
005489 333 500 6
005496 346 500 3 14
005497 500 334 11
005499 333 500 6 14
005507 375 500 1 14
005508 500 375 8 14
005509 335 500 0 6 14
005510 328 500 17
005511 480 318 12 14
005514 375 500 9
005515 500 375 15
005517 333 500 8 15 19
005518 375 500 11
005519 489 500 7
005521 375 500 10
005522 375 500 14
005524 500 334 11 17
005526 375 500 14 19
005527 500 375 14
005530 318 500 5
005531 500 375 8 10 15
005535 375 500 11
005536 343 500 6 14
005539 351 500 7
005541 375 500 4 14
005542 375 500 14
005544 500 500 18
005547 375 500 6 9 14
005549 375 500 6
005550 360 480 12 14
005552 500 332 13 14
005554 333 500 1 14
005559 375 500 7
005563 375 500 4 14 19
005566 375 500 6
005568 375 500 12
005573 375 500 14 17
005574 375 500 0 14
005576 109 500 18
005577 375 500 6
005579 375 500 7
005582 375 500 14
005583 500 375 14
005584 375 500 6
005585 375 500 6 14
005586 375 500 7
005588 375 500 6
005590 316 500 7
005591 375 500 8 10
005592 375 500 6
005593 375 500 6 14
005599 500 347 1 14
005600 335 500 0 14
005601 382 500 11
005603 333 500 2
005605 375 500 4 8 15 17 19
005606 379 500 4 14
005608 500 375 13 14
005609 383 500 6
005611 369 480 12 14
005613 375 500 11 14
005614 375 500 3
005615 375 500 13 14
005618 375 500 8 14 19
005620 332 500 0
005624 333 500 2
005625 375 500 2
005629 333 500 8 10
005630 288 352 7
005631 500 375 5 14
005636 500 332 12 14
005637 332 500 2
005639 375 500 1 14
005640 500 375 6
005641 375 500 11 15 17 19
005644 375 500 14
005645 375 500 6 14
005647 375 500 8 10 17
005648 500 334 14
005652 333 500 1 13 14
005653 375 500 9 14
005654 372 500 18
005655 375 500 0
005657 331 500 14
005658 500 375 5 14
005660 500 417 14 18
005662 500 375 4 8 10 14
005664 375 500 14
005668 375 500 11
005669 333 500 5 6 14
005672 500 377 4 8 10 14
005674 480 360 2
005676 375 500 15
005679 360 500 6
005680 375 500 14 18
005682 375 500 14 15
005685 500 375 18
005686 371 500 8 10
005687 333 500 8 10 15
005693 500 375 11 14
005695 500 375 14
005696 500 333 11
005697 333 500 8 17
005699 375 500 3
005700 372 500 12 14
005701 500 375 8 17
005702 500 333 1 14
005704 375 500 10 14
005705 500 375 3
005710 333 500 8 10
005713 334 500 3
005714 375 500 3 14
005715 375 500 7
005716 297 500 14
005718 386 500 8
005719 375 500 10 14
005723 391 500 8 17 19
005728 322 500 9 12 14
005729 332 500 13 14
005730 333 500 8
005731 375 500 5 14
005732 500 493 12 14
005735 375 500 18
005736 333 500 13
005738 375 500 6 14
005740 333 500 2 14
005741 332 500 12 14
005742 335 500 3
005743 258 258 11 17
005747 259 500 6 14
005749 375 500 6
005752 375 500 11 17
005755 400 500 17
005756 375 500 6
005757 333 500 1 14
005760 375 500 6
005761 361 500 14
005762 500 375 15
005764 500 375 14
005765 375 500 14
005768 330 500 1 14
005769 394 500 7
005773 497 434 8 14
005779 332 500 11 17
005780 375 500 14
005781 500 337 2
005782 333 500 6
005783 333 500 13
005784 442 500 8 14
005786 333 500 14
005788 375 500 14 17
005789 375 500 11 17
005790 333 500 10 14
005791 375 500 6 13
005794 375 500 7 8 10 15 17
005796 500 375 14 19
005799 375 500 14 19
005803 375 500 10
005805 375 500 2
005806 375 500 6
005811 375 500 8 14
005812 334 500 11
005813 500 335 15
005814 375 500 4 14 19
005815 375 500 6 18
005817 375 500 15
005818 375 500 14
005819 375 500 7
005821 375 500 8 15
005824 359 500 14
005825 333 500 3
005826 375 500 14
005828 291 500 0
005829 327 500 14
005830 333 500 6
005831 375 500 6
005836 500 333 14
005838 375 500 7
005839 500 487 6
005840 500 493 14
005841 500 301 9
005843 375 500 9
005845 349 500 7 14
005850 375 500 7 14
005851 335 500 18
005852 500 333 14 19
005853 335 500 18
005854 375 500 2
005856 375 500 14 19
005859 375 500 14
005860 333 500 3
005861 338 500 6
005863 375 500 8 14
005864 285 431 8 17
005867 375 500 8 19
005868 375 500 6
005873 500 333 11 14
005874 332 500 15 17
005875 375 500 13
005877 333 500 12
005878 332 500 13
005879 500 375 7
005881 371 500 14
005884 334 500 13 14
005885 375 500 14
005888 375 500 11
005889 375 500 14
005893 374 500 18
005894 500 334 15
005895 375 500 0
005897 370 500 6
005899 500 500 6 11
005901 375 500 7
005903 375 500 14 18
005905 283 360 14
005906 375 500 5 14
005908 375 500 4 14
005909 375 500 2
005910 335 500 2 14
005911 375 500 5
005912 333 500 2
005914 375 500 3
005917 375 500 7 8
005918 333 500 6
005919 354 500 4 10 14 15
005920 375 500 8 10 17
005923 375 500 1 8 14 15 17 19
005928 375 500 13 14
005930 290 500 1 14
005938 313 500 8 14
005940 374 500 14
005947 333 500 16
005948 332 500 11 12 14
005951 375 500 13 14
005952 375 500 0
005954 500 375 7
005956 363 500 6 14
005960 375 500 7
005961 500 375 5 14
005963 375 500 8
005964 333 500 16
005968 333 500 11
005970 500 333 7
005971 333 500 14
005975 333 500 0 14
005979 332 500 6 14
005980 375 500 7
005981 375 500 9
005983 375 500 2
005984 375 500 11 14 17
005985 500 354 14 15
005988 375 500 6 11 14
005989 375 500 13 14
005990 375 500 13 14
005991 500 375 14 15
005992 375 500 11 14 17
005995 335 500 18
005996 375 500 13
005998 346 500 6
006000 500 489 8 19
006001 375 500 18
006004 500 333 8 14
006005 500 375 8 14
006009 333 500 6
006011 375 500 6 14
006012 375 500 2
006018 332 500 5 6
006020 375 500 8 17
006023 375 500 18
006025 333 500 0
006026 375 500 7 11
006027 344 500 8
006028 374 500 1 14
006029 375 500 8 11 14 15 17 19
006030 375 500 8 10
006033 500 375 14
006035 281 500 6
006038 332 500 6 13 14
006041 375 500 14 17 19
006042 333 500 11
006043 375 500 6 14
006045 375 500 8 17
006046 332 500 3
006055 375 500 8
006058 375 500 6
006061 375 500 4 7 19
006062 333 500 6
006065 375 500 11
006066 333 500 8 17 19
006067 375 500 0
006069 500 500 7 15
006070 500 500 2
006071 332 500 13 14
006073 375 500 9 14
006074 345 500 19
006078 375 500 8 19
006079 375 500 3 6
006084 375 500 7
006088 375 500 8 15 17
006089 375 500 6
006091 334 500 2
006095 322 500 9 12 14
006096 375 500 5
006097 333 500 6
006098 500 375 2 3
006100 375 500 8 11 15 17
006103 375 500 6 14
006104 333 500 6 14 17
006105 500 343 7
006107 335 500 18
006108 353 500 2
006111 375 500 9
006117 500 375 14
006120 333 500 6 13
006123 375 500 3
006124 375 500 6
006125 375 500 7 17
006128 323 500 6 14 16
006129 333 500 0
006130 375 500 14 17
006131 375 500 19
006133 333 500 6 14
006134 375 500 12
006135 332 500 18
006136 332 500 16
006139 375 500 11
006140 333 500 10 14
006141 500 375 4
006146 375 500 1
006148 500 375 9 14
006150 400 500 14
006151 500 334 6 12 14
006153 335 500 18
006156 375 500 14
006158 375 500 14 17 19
006159 500 375 15
006161 333 500 10 14
006162 333 500 0
006163 500 357 14
006166 419 500 18
006170 334 500 9
006171 375 500 11 14 17
006172 375 500 14
006174 375 500 11
006175 275 500 14
006176 481 500 14
006177 375 500 9 13 14
006179 333 500 14 19
006180 288 352 4 14
006181 375 500 2
006183 480 360 7
006184 385 500 0
006185 375 500 8 14
006187 500 375 14
006188 379 500 1 15
006189 333 500 4 11 15
006190 312 500 11
006196 375 500 6
006198 375 500 14
006201 333 500 6 18
006202 375 500 9
006203 500 327 6
006206 375 500 1 6
006208 375 500 0
006209 375 500 14 19
006210 375 500 6 14
006212 373 500 0
006214 375 500 1
006215 500 375 3
006216 375 500 13
006218 375 500 5 6
006219 375 500 11
006220 375 500 8 10
006221 375 500 1 14
006222 500 375 2
006223 333 500 6
006224 333 500 6
006225 375 500 6 14
006229 375 500 14
006230 375 500 11
006233 375 500 14
006234 375 500 7
006235 375 500 6 14
006236 500 375 13 14
006238 333 500 14 19
006240 467 351 14
006241 375 500 4 8 10
006243 375 500 13 14
006247 375 500 16
006249 371 414 12
006250 375 500 6
006251 375 500 16
006252 375 500 11
006254 333 500 18
006258 500 375 0
006259 500 333 8 10 14
006260 375 500 7
006261 500 398 6
006262 332 500 7
006264 374 500 2
006267 335 500 11
006269 375 500 7
006270 375 500 8 15
006272 500 355 13 14
006275 375 500 18
006276 480 364 12 14
006277 375 500 6
006279 375 500 0
006281 375 500 3
006282 334 500 14
006284 333 500 14
006285 332 500 12 14
006286 375 500 8 10 14
006289 500 497 8 10 14
006290 375 500 5 6
006291 374 500 9
006295 375 500 12
006296 400 500 14
006299 375 500 4 15
006300 375 500 1 14
006301 375 500 6
006304 333 500 3
006305 375 500 7
006306 333 500 0
006309 335 500 2
006314 500 375 19
006318 375 500 7
006319 375 500 15
006320 333 500 6 14
006321 500 375 8 11
006323 333 500 19
006325 458 500 6
006329 375 500 6
006330 375 500 5 6
006335 375 500 4
006337 333 500 11
006338 307 500 18
006339 375 500 8 14 17 19
006341 500 375 14
006344 335 500 14 18
006346 374 500 5 6 14
006348 375 500 8 19
006349 334 500 0
006350 377 500 0
006351 375 500 14 15
006352 375 500 5 14
006353 375 500 7
006355 375 500 11 14
006357 500 331 3
006362 375 500 6
006363 500 335 4
006366 384 500 11
006367 333 500 2
006369 333 500 6 14
006371 375 500 1
006374 375 500 0
006375 375 500 6
006377 333 500 18
006381 375 500 4 8 10 14
006382 332 500 12
006385 334 500 11
006387 281 500 1 14
006391 500 375 8 14
006392 214 320 12 14
006395 375 500 8 14 19
006396 170 500 6
006398 375 500 4 10 14
006400 335 500 18
006404 500 320 9
006409 375 500 4 10 14
006411 375 500 17 19
006417 375 500 6
006418 333 500 1
006419 500 333 8
006421 333 500 6
006424 375 500 8 17
006425 500 339 7
006427 375 500 14
006428 375 500 12 14
006429 500 332 12
006430 375 500 2
006433 375 500 0 14
006434 375 500 11
006436 375 500 3
006437 332 500 5
006438 332 500 6
006440 311 500 13 14
006442 500 348 14
006443 350 500 0
006444 375 500 11 14
006445 480 443 12 14
006447 233 310 8 10 15
006448 375 500 4
006449 375 500 1
006450 322 500 14 19
006455 212 320 12 14
006456 375 500 11
006458 314 500 6
006459 375 500 6 12 14
006462 500 375 7
006463 333 500 14
006465 375 500 14
006466 375 500 18
006468 375 500 18
006470 452 500 2
006472 400 500 19
006473 374 500 7 17 19
006474 333 500 11
006475 500 361 2 14
006476 368 500 13 14
006480 320 500 0
006482 375 500 14
006483 377 500 4 14
006484 333 500 6
006486 375 500 4 14
006488 425 500 11 14
006492 375 500 14 17
006495 375 500 7
006497 375 500 6 14
006499 333 500 18
006501 211 500 5
006503 375 500 4 10 14
006506 332 500 12 14
006507 375 500 11
006509 500 333 8 17
006512 375 500 7
006515 375 500 1
006519 375 500 4 10 14
006520 500 325 2
006523 375 500 0
006524 97 500 6
006529 375 500 0 14
006530 375 500 8 17
006532 375 500 13 14
006534 280 400 16
006536 500 334 14
006538 333 500 18
006542 374 500 3 14
006543 333 500 2
006547 500 333 7
006548 375 500 2
006549 500 375 3
006550 333 500 1 13 14
006551 375 500 1 14
006553 500 366 8
006556 333 500 11
006560 375 500 14
006562 247 500 9
006564 332 500 0
006565 373 500 7
006569 229 500 5
006570 375 500 11
006572 333 500 12 14
006575 500 375 15
006576 500 375 4 10 14
006578 500 333 14 17
006583 324 500 14 19
006584 331 500 14
006585 331 500 13 14
006587 375 500 14
006588 333 500 6 14 18
006593 333 500 6
006595 334 500 7
006597 384 500 11
006599 375 500 8 14
006602 500 356 11 14
006603 500 330 1
006605 375 500 8 15
006606 333 500 11
006609 375 500 11 14
006610 375 500 4 10 14
006611 500 332 12 14
006612 500 375 9 14
006617 332 500 12 14
006618 331 500 13 14
006619 333 500 0
006621 375 500 14 17
006622 332 500 17 19
006625 375 500 6 14
006626 332 500 4 10 14
006627 333 500 8 10 15
006628 375 500 8 10 19
006631 327 500 14
006632 375 500 1 6
006635 500 342 18
006636 375 500 0
006637 375 500 1 14
006638 400 500 17
006643 375 500 2
006645 500 332 12 14
006647 375 500 13 14
006648 334 500 4 14
006652 332 500 18
006654 333 500 6
006657 359 500 7
006658 375 500 8 10 14
006660 400 500 3 6
006661 333 500 1 14
006664 375 500 1 14
006666 500 375 14
006667 375 500 14
006668 374 500 6 14
006670 500 500 14 18
006671 375 500 2
006673 333 500 3
006674 500 332 7
006677 500 413 8 14 17
006678 375 500 16
006679 375 500 16
006681 375 500 15
006682 375 500 14
006684 375 500 19
006687 357 500 4
006689 374 500 8 10
006690 333 500 8 14
006694 375 500 18
006695 375 500 14
006696 440 500 8 10 14
006697 375 500 14
006698 375 500 14
006699 500 375 10 14
006702 333 500 0
006703 500 334 14
006704 375 500 19
006706 500 375 2 6
006707 375 500 8 14 17
006708 375 500 9
006709 375 500 14
006714 500 375 14
006718 375 500 1 14
006719 375 500 6
006722 375 500 12 14
006725 333 500 7
006726 500 375 15
006727 375 500 4 14 17
006730 375 500 18
006731 375 500 4 10 14
006734 375 500 6
006735 500 444 11 14
006736 375 500 6
006738 375 500 1 14
006739 375 500 2 14
006740 375 500 7
006747 375 500 13
006748 500 338 6 14
006751 317 500 2
006753 500 332 14
006755 375 500 8 15 19
006759 375 500 5
006760 374 500 7 19
006761 375 500 9
006762 375 500 13 14
006765 500 376 8 15
006766 375 500 5 6 14
006768 500 482 8 14
006769 355 500 11 12
006772 349 500 14
006773 375 500 0 3
006777 500 352 14 15
006781 367 234 7
006782 500 333 14
006783 500 333 6 14
006784 375 500 14
006786 375 500 14
006789 320 267 12 14
006794 333 500 0
006797 375 500 12 14
006799 500 500 2
006800 375 500 2 14
006802 350 500 14 18
006803 500 400 14 18
006805 401 500 11
006806 375 500 15
006808 375 500 14
006810 375 500 14
006813 291 500 7
006814 375 500 19
006819 375 500 8 10
006821 371 500 5 6 14
006822 500 400 6 13
006824 333 500 8 14
006825 333 500 2
006827 500 375 17
006828 426 500 4
006829 375 500 11
006833 375 500 14 16
006835 375 500 5 14
006836 480 469 12 14
006838 333 500 14
006839 375 500 13
006840 333 500 14
006841 316 500 9 14
006842 375 500 19
006844 375 500 18
006845 375 500 8
006847 335 500 12 14
006848 333 500 2
006849 375 500 11 17
006850 500 390 12 14
006852 281 500 8 17
006855 500 312 1 14
006858 375 500 4 6 12 14
006859 372 500 15
006860 333 500 0
006862 375 500 12 14
006864 334 500 14
006865 333 500 2
006866 392 480 12 14
006867 269 360 3
006868 375 500 6 14
006869 375 500 7
006874 375 500 3 13 14
006876 333 500 7 8 14
006878 375 500 17
006880 375 500 1 14
006883 375 500 7
006884 276 500 6
006886 254 500 8 17
006887 375 500 8 14
006892 375 500 4 8 10
006893 500 375 6
006896 375 500 14
006899 500 496 16
006900 375 500 6
006903 375 500 11 14
006908 375 500 4 14
006909 375 500 0
006910 335 500 2 14
006911 480 441 12 14
006912 375 500 4 8 10 14
006914 375 500 2
006916 332 500 11
006917 375 500 4
006918 375 500 6
006919 375 500 4 14 17
006922 333 500 0
006924 500 334 14
006930 375 500 17
006931 500 333 6
006932 375 500 14
006933 332 500 12
006934 375 500 10 14
006935 500 333 9
006939 375 500 4 14
006940 375 500 11
006943 375 500 14 18
006944 333 500 12 16
006945 500 333 1 14
006947 375 500 19
006948 375 500 4 14
006949 333 500 7
006950 500 333 1 14
006952 333 500 2
006953 375 500 3
006956 375 500 14 15
006958 500 333 10 11 14
006959 333 500 14
006962 375 500 11
006963 331 500 7 8 14 17
006965 375 500 3 14
006966 500 375 13
006968 375 500 11 14 17
006971 333 500 7
006972 333 500 8 10
006976 500 375 7 8
006981 375 500 14
006983 333 500 3 14
006987 372 500 14 19
006988 333 500 6 14
006989 375 500 7 14
006990 375 500 1 14
006994 301 500 11
006995 375 500 8
007002 333 500 5
007003 375 500 5 6
007004 375 500 1 6 14
007006 375 500 8 10
007007 374 500 4 10 14
007008 290 343 9
007009 296 432 13
007011 375 500 11
007016 375 500 14
007018 357 500 12
007020 500 375 14
007021 373 500 4 8 10
007022 332 500 2
007023 500 375 8 14 19
007025 375 500 7
007029 375 500 1
007031 500 375 14
007033 375 500 0
007035 375 500 12 14
007036 375 500 14
007038 375 500 7
007039 375 500 19
007040 425 500 6 14
007042 375 500 8 10 17
007045 500 357 9 14
007046 500 375 8 14
007048 332 500 4 14 16
007049 375 500 0 14
007050 333 500 7
007052 375 500 3 14
007054 500 375 14
007056 500 230 4
007058 409 500 6
007059 375 500 14
007062 375 500 1
007064 375 500 8 10 17
007065 333 500 2
007068 500 357 6
007070 375 500 11
007071 333 500 7
007072 375 500 9
007073 375 500 13 14
007074 375 500 5 6
007075 336 500 9
007077 332 500 8
007078 375 500 8 15 17
007079 375 500 14
007080 333 500 14
007084 374 500 2
007086 333 500 0
007088 333 500 0
007089 356 500 11
007090 375 500 6
007092 500 375 2
007093 375 500 8 14
007095 375 500 5
007097 288 500 0
007100 375 500 19
007101 333 500 18
007104 500 375 4
007105 333 500 17
007108 334 500 1 14
007109 332 500 12 14
007113 400 127 19
007114 333 500 14 17
007117 376 500 4 8 14
007121 500 375 4 14
007122 375 500 14
007123 335 500 18
007125 370 308 3
007128 500 375 14
007129 397 500 11 14
007130 375 500 15 19
007132 325 500 18
007133 500 375 6
007138 343 500 12 14
007139 366 500 3 14
007140 500 330 1 14
007141 375 500 4
007144 375 500 5
007146 374 500 2
007147 500 333 14
007148 333 500 14
007149 443 500 11
007150 375 500 13 14
007152 334 500 0
007153 375 500 6 9 14
007154 500 375 14
007159 375 500 6 14
007162 375 500 17
007163 375 500 12 14
007165 500 375 16
007166 500 333 11 19
007167 375 500 6 14
007168 500 375 18
007172 336 500 1 14
007174 334 500 13
007177 500 333 4 8 10
007180 500 375 7 8 15 17
007182 500 333 14
007184 500 334 14
007185 332 500 12
007187 375 500 14 17
007189 375 500 14 19
007191 375 500 4 8 10
007193 500 375 17
007194 334 500 2
007197 334 500 7
007200 333 500 13 14
007204 240 320 7
007205 375 500 6
007208 334 500 6 14
007210 375 500 19
007211 375 500 13
007212 333 500 8 11
007213 375 500 8 10 14
007214 500 375 11 14
007215 333 500 9
007216 500 375 12 14
007217 334 500 16
007219 500 375 8 19
007222 339 500 18
007223 333 500 7
007224 332 500 18
007227 500 296 14 17
007230 375 500 16
007234 214 320 12 14
007236 332 500 5 14
007241 375 500 5
007243 375 500 12 14
007244 375 500 1 14
007245 375 500 11
007247 375 500 6
007249 375 500 7
007250 333 500 4 19
007256 375 500 1 14
007258 164 393 17
007259 500 375 8
007260 480 422 12 14
007261 500 377 6 14
007263 375 500 8 17 19
007266 375 500 8 10 14
007270 375 500 6 14
007271 375 500 5 13 14
007274 327 500 0
007275 224 300 17
007276 335 500 14 18
007279 281 500 5 6
007280 333 500 0
007283 375 500 1 6
007284 333 500 6 14
007285 500 375 6
007289 333 500 3
007292 375 500 0 14
007294 312 500 6
007295 375 500 7
007296 375 500 2 14
007297 291 500 0
007298 333 500 5 14
007299 375 500 2
007300 375 500 2
007302 375 500 15 17
007305 331 500 6 13 14
007308 480 389 12 14
007311 375 500 8
007314 375 500 13 14
007318 375 500 14
007322 375 500 11
007323 500 228 4
007325 333 500 12 14
007327 375 500 1 8
007329 375 500 7
007330 344 500 14
007334 375 500 7
007336 500 375 14
007343 394 500 7
007344 375 500 7 15
007346 375 500 5 6 14
007350 360 480 8 10 14
007351 375 500 4
007356 333 500 1 15
007359 375 500 14 19
007361 375 500 3 18
007363 317 500 6
007365 332 500 3
007369 375 500 8 14
007370 500 375 4
007372 500 333 0
007373 375 500 8 10
007374 375 500 6
007375 375 500 0 14
007376 334 500 5 6
007381 500 417 14
007383 375 500 6
007385 333 500 17
007388 375 500 14
007389 337 500 9
007390 375 500 8 15 17 19
007394 333 500 19
007396 375 500 6 13 15
007398 283 500 5 14
007408 500 375 14 18
007410 333 500 4 14
007411 432 500 11
007413 375 500 0 14
007414 333 500 6 14
007416 349 500 7 8
007417 269 500 7 11 17
007419 375 500 7
007421 500 375 2
007422 333 500 6
007424 333 500 6
007425 333 500 11 17
007427 375 500 6
007431 417 500 2
007432 375 500 8 19
007433 375 500 11 17
007435 500 332 8 10
007436 375 500 14
007437 333 500 5
007438 500 329 14
007439 333 500 12
007443 333 500 8 17
007445 334 500 14 18
007446 500 375 1 6 14
007448 332 500 12 14
007449 375 500 3 14
007451 375 500 15
007454 375 500 7
007457 333 500 4 14
007458 375 500 8 10 19
007460 500 333 3
007461 375 500 4
007465 375 500 19
007466 331 500 1 8 13 14
007467 333 500 18
007468 375 500 6
007470 333 500 0
007474 375 500 11
007475 332 500 6 14
007477 500 431 3
007479 329 500 6
007480 305 500 5 14
007481 332 500 2
007482 333 500 14 17
007483 376 500 14
007484 375 500 5 14
007486 333 500 0
007489 395 500 11
007490 375 500 6
007491 375 500 17
007493 375 500 4 8 14
007497 333 500 6 14
007498 376 500 10 14
007503 375 500 0
007506 375 500 19
007511 375 500 4 10 14 15
007513 333 500 18
007517 500 333 7
007519 375 500 15
007521 293 500 3
007523 332 500 2
007524 500 333 7
007525 400 500 6
007526 500 332 12 14
007527 431 500 6
007528 375 500 9
007530 500 378 7 8 19
007533 375 500 3
007535 500 368 14
007536 375 500 17
007537 333 500 11
007538 375 500 8
007540 375 500 14 17
007543 375 500 1 14
007544 375 500 8 10 19
007546 332 500 5
007547 375 500 12 14
007551 500 375 1
007555 375 500 18
007558 334 500 4 8 14 15
007559 500 375 14 19
007563 500 375 14
007565 375 500 7
007566 336 500 6 14
007568 375 500 14
007570 332 500 12 14
007571 375 500 1 14
007572 333 500 4 8 10 14
007575 375 500 5
007576 371 480 12 14
007578 331 500 11 14
007579 375 500 14
007585 500 500 11
007586 375 500 14 18
007590 500 375 14
007592 500 333 6 14
007594 375 500 12 14
007600 333 500 15
007601 375 500 6
007603 375 500 12
007605 352 500 14
007606 375 500 14
007611 375 500 12 14
007612 500 375 11
007614 375 500 6
007615 375 500 2
007618 500 375 14
007619 333 500 8 14 15
007621 375 500 16
007622 333 500 6
007624 375 500 15
007626 333 500 0
007629 375 500 14
007631 375 500 4 8 14
007633 329 500 5
007637 375 500 12
007639 500 375 14 17
007640 375 500 7
007642 375 500 13
007647 500 333 6 13 14
007649 375 500 4 14
007650 500 375 5 6
007653 332 500 6 14
007654 350 500 0
007655 357 500 1
007656 500 375 1 14
007657 347 500 14
007662 500 374 2
007663 375 500 6
007664 375 500 8 10 15
007666 375 500 18
007667 375 500 6
007668 500 333 14
007670 333 500 13
007671 500 368 2
007672 375 500 17
007673 500 375 10 15 17
007675 333 500 14
007677 357 500 0
007678 314 500 2
007679 362 500 1
007680 375 500 2
007682 500 375 7
007683 375 500 11 14
007685 375 500 3
007687 346 500 11 14
007688 375 500 13
007691 375 500 6
007692 332 500 11
007694 375 500 11 14
007696 375 500 18
007697 500 332 12 14
007699 375 500 6 14
007702 375 500 19
007704 356 500 15 17
007705 500 333 11 12
007709 375 500 1 6 14
007712 450 307 13 14
007713 331 500 2
007715 375 500 15
007718 375 500 3 14
007720 375 500 7 8 10
007721 374 500 2 6
007723 375 500 0 14
007724 372 457 8
007727 318 480 12 14
007729 375 500 19
007731 500 375 6
007732 375 500 8 19
007735 333 500 8 10 14
007736 375 500 5 6
007740 375 500 4
007742 325 500 18
007743 500 332 3
007745 375 500 6 14
007746 375 500 14
007748 500 332 12 14
007749 375 500 11
007751 375 500 4 10 14
007753 375 500 7
007754 375 500 8 19
007758 387 500 7
007760 500 333 11 14
007762 375 500 4 7 8 19
007763 375 500 14
007765 500 375 2
007767 333 500 18
007768 375 500 14
007772 375 500 9
007773 334 500 5
007775 500 378 11
007776 333 500 18
007777 374 500 10 14
007779 375 500 6
007781 375 500 15
007786 375 500 9 14
007790 375 500 4 6 8
007791 375 500 11
007793 334 500 13 14
007795 375 500 8 14 15
007798 500 375 4
007799 331 500 8 10 14 17
007803 375 500 3
007809 375 500 12 14
007810 500 375 10 14
007812 375 500 8
007813 375 500 10 11 14
007814 375 500 14 15
007815 368 500 6 14
007819 208 500 6 18
007820 333 500 0
007821 500 357 6 14
007824 333 500 7
007826 375 500 8 10
007831 500 384 2
007833 332 500 2 3
007834 500 371 11
007836 375 500 1 14
007838 375 500 11
007840 500 333 2
007841 375 500 11 14
007843 480 500 6
007845 400 500 2
007847 333 500 2
007853 467 500 2
007854 500 301 1
007855 375 500 5 6
007856 333 500 6 14
007857 369 500 0
007859 337 500 16
007863 375 500 7
007864 333 500 0
007865 375 500 8 15
007868 400 400 7
007869 332 500 2
007872 333 500 10 14
007873 375 500 17
007876 375 500 2
007877 375 500 14
007878 500 375 7 14
007883 335 500 6 18
007884 416 500 1 14
007885 500 441 7
007886 466 500 2
007889 375 500 14
007890 333 500 15
007897 324 500 13 14
007898 500 400 6
007899 500 375 4
007900 375 500 11 17
007901 500 375 14
007902 375 500 13 14
007905 374 500 6
007908 333 500 5
007909 210 270 8 10 15 17
007910 375 500 14
007911 498 500 13 14
007914 500 375 2
007915 375 500 14 19
007916 332 500 0
007919 332 500 12 14
007920 500 375 5
007921 375 500 6
007923 235 500 8 17
007924 360 238 2
007925 375 500 1 15
007926 339 500 18
007928 328 500 14
007931 375 500 6 14 18
007932 333 500 6 14
007933 375 500 1
007935 375 500 11 17
007939 500 375 9
007940 375 500 14
007943 375 500 14
007946 375 500 11 14
007947 333 500 18
007950 375 500 6
007953 500 333 1 14
007954 334 500 11
007956 375 500 10 15
007958 375 500 7 17
007959 500 334 8 17
007963 375 500 6 14 18
007964 333 500 6 14
007968 375 500 11
007970 375 500 6 14
007971 333 500 6 14
007974 375 500 7
007976 375 500 0
007979 202 500 9 14
007980 329 500 3
007984 374 500 13 14
007987 375 500 4 14
007991 375 500 2
007996 333 500 8 14 17 19
007997 375 500 14
007998 375 500 14
007999 375 500 15 17 19
008001 353 500 6
008002 333 500 14
008004 500 375 5
008005 375 500 9 11
008008 331 500 13 14
008009 375 500 11
008012 393 500 15
008017 333 500 2
008019 318 480 6 12 14
008023 375 500 1 5 14
008024 375 500 0 14
008026 375 500 5 6 14
008029 333 500 15
008031 375 500 6
008032 333 500 2
008033 352 500 14 18
008036 333 500 11
008037 333 500 6
008040 399 500 12 14
008042 375 500 4 14 17
008043 288 292 14 15
008044 336 500 5 6
008048 262 350 14
008049 375 500 19
008051 375 500 2
008053 500 244 2 14
008057 333 500 6
008060 375 500 6
008061 375 500 4
008062 375 500 2
008063 375 500 8
008064 333 500 2 15
008067 375 500 19
008068 374 500 2
008069 375 500 12 14
008072 325 450 8 10 14
008075 375 500 11
008076 375 500 8 10 17 19
008079 335 500 6 11 14
008082 333 500 14 15
008083 300 400 14 17
008084 500 338 2
008085 282 500 2
008086 333 500 14 18
008087 333 500 6
008091 500 332 3 14
008093 375 500 6
008095 375 500 18
008096 375 500 1 14
008098 375 500 5 6
008100 375 500 7
008101 363 500 0
008103 374 500 14 17
008105 375 500 6 14
008106 500 375 8 15
008107 333 500 0
008108 375 500 6 13 14
008112 298 500 3
008115 333 500 11
008116 375 500 16
008117 375 500 2
008121 375 500 19
008122 333 500 8 10 14
008125 500 335 5 14
008127 334 500 8 10 14 15
008130 375 500 11 14
008132 375 500 0 14
008137 500 375 4 14
008138 333 500 2
008139 411 500 4 14
008140 375 500 15
008141 375 500 4 8
008142 332 500 12 14
008144 500 361 8
008150 333 500 16
008151 375 500 8 17
008159 500 375 8 10
008160 375 500 6 14
008163 327 500 3 14
008164 375 500 4 14
008166 333 500 3
008168 375 500 2
008169 375 500 6 7
008171 375 500 8 10 14 15
008173 333 500 18
008174 333 500 6
008175 375 500 14 17
008177 375 500 14 19
008180 500 333 1 14
008186 443 500 11
008188 305 500 6 14
008189 375 500 9
008190 374 500 1 8 14
008191 375 500 12
008197 335 500 6
008199 375 500 8 14 15
008200 375 500 2
008202 375 500 9
008203 375 500 17
008204 374 500 4 14 19
008208 500 375 9
008209 490 500 12 14
008211 500 375 14
008213 224 500 4 8 19
008216 500 375 8 10 14 15
008218 375 500 14
008220 333 500 14 18
008222 500 333 11
008223 375 500 16
008224 375 500 14
008225 385 500 6 14
008226 375 500 2
008229 375 500 7 10
008232 375 500 6 14
008235 333 500 18
008236 375 500 0
008241 375 500 13 14
008244 375 500 18
008248 375 500 12 14
008250 375 500 13
008251 260 500 3
008252 375 500 0
008253 375 500 1 14
008254 333 500 7
008258 500 408 7
008260 375 500 11 17
008261 500 332 3 14
008262 375 500 5
008263 375 500 14 18
008268 334 500 6
008269 335 500 7
008272 375 500 8 11 14
008275 357 500 0
008279 500 350 6 12 14
008280 335 500 0
008281 500 375 14
008282 375 500 17 19
008284 375 500 8 11 14
008285 375 500 14 19
008292 375 500 16
008293 500 333 5 14
008294 331 500 6 13 14
008295 321 500 18
008296 333 500 6
008297 375 500 2
008299 404 304 9
008300 333 500 0
008301 500 375 14
008302 375 500 14 19
008306 324 500 3
008307 367 480 12 14
008310 335 500 0
008311 333 500 12
008312 500 375 13 14
008313 375 500 1 14
008315 375 500 5 6 13 14
008316 333 500 18
008317 375 500 2
008318 375 500 15
008319 375 500 4
008320 198 250 12
008322 375 500 11
008323 375 500 17
008326 333 500 0
008327 333 500 14
008329 333 500 6
008332 375 500 11 14
008335 334 500 18
008336 375 500 6
008338 168 500 5
008341 333 500 8 14 15 17
008342 400 500 9 16
008345 438 500 9
008346 500 291 11
008349 375 500 16
008351 333 500 18
008355 378 500 7
008359 375 500 6
008360 375 500 5 6 14
008364 322 500 18
008365 332 500 17 19
008368 332 500 14 17
008370 500 417 2
008372 332 500 0
008374 375 500 14 19
008376 375 500 6 14
008381 500 463 14
008384 335 500 2
008385 500 369 8 10 14
008386 375 500 8 19
008387 375 500 5 14
008388 338 450 6
008390 500 375 8 14
008391 309 500 6 14
008397 375 500 5 6 14
008398 375 500 14
008403 500 499 7
008409 375 500 17 19
008410 375 500 14
008413 375 500 8 14
008415 349 500 11
008416 333 500 11
008422 375 500 19
008423 322 500 2
008424 500 333 15
008425 375 500 11
008426 398 500 2
008427 333 500 12
008429 339 500 6
008430 333 500 14
008433 364 500 1 14
008434 313 500 18
008437 500 333 12 14
008438 333 500 2
008442 375 500 7
008443 382 500 2
008444 375 500 6 13 14
008445 333 500 14 18
008449 375 500 3 6 14
008450 333 500 0
008452 369 500 14 17
008453 400 500 7 8 14
008454 500 375 3
008456 333 500 3
008461 333 500 6 14
008462 375 500 8 19
008465 500 500 15
008466 333 500 6
008467 500 375 4 11 14
008468 240 320 8 15 17
008470 375 500 8 10 14
008472 461 500 0
008475 375 500 9 14
008477 358 500 11
008478 375 500 1 6
008482 375 500 6 14
008483 333 500 6
008484 375 500 6
008485 375 500 7 14
008492 324 500 18
008494 375 500 5
008495 357 500 0
008498 358 500 3
008499 334 500 17
008502 500 385 6
008503 375 500 5 6 14
008506 319 500 18
008509 338 500 11 12 14
008512 400 500 11
008513 375 500 14
008514 333 500 1 14
008517 333 500 6
008518 353 500 11
008519 375 500 2
008521 375 500 7
008522 333 500 0
008523 333 500 0
008524 290 400 6 12
008526 500 375 12 14
008529 500 375 10 14
008530 333 500 11
008533 425 500 7 17
008534 387 500 7
008535 375 500 11 13
008536 500 375 15
008541 336 500 14
008542 500 371 7 8
008549 333 500 6 15
008550 375 500 6 14
008553 335 500 18
008556 333 500 8
008557 335 500 15 17 19
008558 375 500 11
008559 500 333 14
008562 375 500 5 6 13 14
008564 500 437 12
008568 375 500 3
008572 375 500 6
008573 418 500 14 17
008576 364 500 14
008581 500 333 6
008582 348 500 8 14
008584 500 340 3
008585 334 500 14
008586 379 500 6
008587 375 500 14 15 17
008588 375 500 2
008592 429 500 4 14 16
008595 333 500 13
008596 480 356 12 14
008601 375 500 6
008602 375 500 14 17
008604 375 500 3 14
008606 375 500 11
008607 375 500 9
008608 333 500 10
008610 326 500 12
008612 300 500 12 14
008615 375 500 9
008617 375 500 14
008618 331 500 14 16
008620 375 500 11
008621 257 500 18
008624 375 500 8
008628 500 375 8 14 17
008633 247 500 1 6
008635 372 500 2
008636 375 500 9
008638 333 500 14 18
008639 375 500 11
008644 350 500 14
008645 330 500 3
008647 375 500 14
008653 500 333 12
008654 338 500 2
008655 500 375 8 10 11 15 19
008663 375 500 6 14
008665 333 500 6 14 17
008667 336 500 0
008670 500 331 2
008676 336 500 6 13 14
008680 375 500 5 6
008683 333 500 0
008687 375 500 11
008688 325 500 15
008690 333 500 14
008691 334 500 18
008692 333 500 0 14
008695 333 500 13
008698 500 357 14
008699 375 500 12 14
008701 375 500 14 17
008702 375 500 1 5 14
008706 333 500 6 9 14
008709 375 500 19
008710 335 500 18
008713 333 500 17
008716 333 500 6
008717 375 500 8 10
008718 375 500 14 18
008720 500 333 7
008722 332 500 9
008723 334 500 0
008725 375 500 3
008727 500 375 6
008728 375 500 8 11 14
008730 375 500 3
008731 332 500 12 14
008732 500 371 2
008733 375 500 8 10 15
008738 333 500 11 14
008739 500 333 6 14
008741 500 375 1
008742 500 334 1 13 14
008744 500 332 12 14
008747 500 375 5 6
008748 500 344 14
008749 375 500 15
008750 375 500 6
008752 334 500 13 14
008753 437 500 2
008755 333 500 2
008756 375 500 7
008757 375 500 1
008759 375 500 1
008760 375 500 8 17
008764 500 400 2
008766 500 335 14 18
008768 500 367 6 14
008769 373 500 14
008770 333 500 0
008771 335 500 5 14
008772 375 500 7
008773 375 500 2
008775 333 500 14
008776 333 500 2
008783 375 500 4 8 10
008784 262 500 3 6
008790 327 500 18
008793 375 500 5 6
008794 375 500 6 14
008796 380 500 2
008799 375 500 0
008801 411 500 6 13 14
008805 480 405 12 14
008806 375 500 15
008809 320 500 7
008810 333 500 13 14
008811 375 500 1
008813 375 500 2 14
008814 332 500 8 10
008815 375 500 7
008817 375 500 13 14
008819 500 375 11
008822 333 500 11
008823 333 500 17
008826 375 500 6
008831 437 500 1
008833 375 500 14
008835 375 500 15
008836 375 500 14
008837 377 500 19
008838 321 500 5 6 14
008840 333 500 11
008841 375 500 4 11
008843 333 500 6
008847 361 500 0
008848 378 500 5 6
008849 375 500 11 17
008854 333 500 7
008856 375 500 7
008858 333 500 2
008859 333 500 6
008862 480 318 12 14
008865 334 500 14 17
008867 332 500 12 14
008871 409 500 16
008872 270 360 14
008873 357 500 0
008874 375 500 8 17 19
008876 333 500 12 14
008878 375 500 18
008879 375 500 14 17
008880 375 500 7
008883 375 500 5
008884 375 500 3 14
008885 500 395 7
008886 203 241 12 14
008888 375 500 8 19
008890 500 375 11
008891 333 500 6 14
008892 375 500 6 14
008900 375 500 3 11 14
008905 375 500 0
008909 375 500 6
008911 375 500 5 6 14
008913 375 500 19
008914 370 500 12
008917 500 500 7
008919 250 378 12
008920 375 500 14 16
008921 400 500 14
008923 209 500 6
008926 413 500 2
008927 375 500 9
008929 333 500 6
008930 500 375 7
008931 374 500 4 8 14
008932 375 500 10 14
008933 500 375 7 15
008936 375 500 8
008939 375 500 6
008940 338 500 0
008942 375 500 16
008943 375 500 2 14
008944 500 444 14
008948 375 500 8 19
008951 500 375 11
008953 500 332 4 14
008955 500 375 19
008958 375 500 6
008960 327 500 6 14
008961 407 500 8 14
008962 375 500 4
008965 333 500 14
008966 375 500 5 6
008967 333 500 4
008968 375 500 6
008969 375 500 6
008970 334 500 15 19
008971 294 500 0
008973 333 500 9
008975 375 500 8 14 17
008976 375 500 7 17
008978 375 500 6
008979 384 500 13 14
008980 500 459 11
008982 375 500 4 19
008983 203 500 8 10 14 17
008985 500 375 2
008987 333 500 15 17
008988 375 500 18
008989 375 500 4
008995 500 156 1
008997 445 500 8 10 15 19
008999 375 500 3
009000 375 500 6 11 14
009002 269 500 18
009004 334 500 13
009005 375 500 1 14
009006 334 500 6
009007 403 500 13
009015 333 500 5 6
009016 500 375 4
009018 375 500 2
009019 333 500 11 17
009020 332 500 12 14
009022 375 500 11 14
009024 500 332 12 14
009027 375 500 4
009029 500 333 6
009032 375 500 15 19
009034 375 500 13 14
009035 500 333 7
009036 405 500 1 14
009037 375 500 5
009039 375 500 0
009042 334 500 11
009045 375 500 6 14
009048 500 375 7 8
009049 349 500 13 14
009051 375 500 8 17 19
009053 375 500 6
009058 375 500 6
009059 375 500 5
009060 333 500 6
009063 334 500 0
009064 375 500 6 14
009066 351 500 11
009068 375 500 8 14 15 17
009072 500 375 8
009073 375 500 5 6 14
009078 368 500 6 14 15
009079 375 500 14
009080 375 500 2
009085 333 500 0
009086 281 500 18
009087 375 500 7 8 14 15
009089 500 375 14
009091 375 500 14
009094 375 500 19
009098 500 418 7
009099 375 500 2
009100 363 500 4
009105 375 500 5
009106 375 500 6
009108 376 500 4
009112 500 375 11
009113 375 500 9
009114 212 320 12 14
009116 375 500 6
009117 375 500 11
009121 333 500 6
009123 375 500 8 10 14 15
009126 375 500 5
009128 420 304 14
009129 333 500 17
009131 375 500 3
009133 333 500 9
009136 375 500 8 14
009138 375 500 12
009141 375 500 14
009144 357 500 2
009147 352 500 7
009148 276 369 12
009150 500 375 2
009151 375 500 8 19
009153 500 375 14
009155 374 500 19
009157 375 500 8 10
009159 375 500 8
009160 333 500 13 14
009161 379 500 5 14
009162 386 500 8
009163 320 500 5 6
009166 286 500 2
009168 333 500 11
009173 500 375 19
009174 375 500 4 5 6 14
009175 375 500 7 15
009177 375 500 3
009178 333 500 6
009179 375 500 5 6
009180 333 500 13 14
009181 500 333 15
009184 334 500 14
009185 411 500 11
009186 375 500 6
009187 335 500 18
009189 378 500 9
009191 348 500 13
009192 375 500 19
009193 375 500 14 17
009194 375 500 15
009195 500 377 11
009196 375 500 19
009197 376 500 11 14
009200 375 500 8 17 19
009202 480 460 12 14
009205 334 500 6
009208 333 500 12 14
009209 375 500 13 14
009212 500 333 11
009213 375 500 6
009214 375 500 1 6 14
009215 375 500 15
009218 500 375 18
009221 333 500 7
009224 500 375 14
009227 333 500 11 16
009230 375 500 13 14
009236 318 480 12 14
009238 333 500 14
009239 333 500 14
009242 375 500 4 14 17
009244 375 500 7
009245 375 500 9
009246 500 461 2
009247 333 500 8 10
009249 375 500 8 19
009250 500 375 1
009251 333 500 12 14
009252 369 500 8 15 17
009254 333 500 6 18
009255 200 257 12
009259 333 500 13 14
009268 500 375 11
009269 496 500 6
009270 335 500 2
009271 375 500 16
009272 333 500 0
009273 375 500 8 10 14
009278 375 500 1
009279 426 500 8 15 19
009281 375 500 1
009282 342 456 6
009283 375 500 5 6 14
009285 375 500 7
009286 332 500 6 14
009287 333 500 13 14
009288 319 213 14
009289 333 500 18
009290 333 500 4 8 14 17
009291 500 375 13 14
009295 375 500 1 14 19
009296 375 500 14
009299 333 500 4 10 14
009303 99 500 10 14
009306 500 375 7 14 17
009307 400 400 0
009308 331 500 9 14
009309 375 500 2
009312 375 500 13 14
009315 375 500 5
009316 375 500 14
009318 334 500 6 12 14
009323 375 500 2
009324 331 500 2
009325 375 500 19
009326 333 500 6
009327 500 334 11 14
009330 375 500 14
009331 375 500 11 12 14
009333 375 500 8 11 17 19
009334 375 500 1
009336 375 500 6 14
009337 349 500 12
009339 375 500 1 8
009342 375 500 7 14 15 17
009343 334 500 8 14 17
009347 334 500 3
009348 375 500 0
009349 500 375 14 16
009350 500 345 6
009351 375 500 0
009354 500 335 18
009358 375 500 5 6 14
009359 281 500 8 17
009362 333 500 14
009365 332 500 0
009368 375 500 6 14
009371 333 500 0
009373 375 500 19
009374 334 500 8 14
009375 500 375 4 9 14
009377 338 500 14 18
009378 500 332 7
009382 500 333 13 14
009386 375 500 5
009388 375 500 4 8 19
009389 375 500 18
009392 331 500 5 6
009393 372 500 1 13 14
009394 333 500 0 14
009398 333 500 7
009401 375 500 18
009405 375 500 11
009406 283 500 6
009407 480 432 12 14
009408 357 500 0
009409 375 500 5 6
009410 375 500 14
009411 375 500 6 14
009412 375 500 5 14
009413 500 500 8 10 14
009414 376 500 14 17
009417 375 500 16
009418 333 500 11 14
009419 333 500 15
009420 375 500 4 8 10 14
009421 375 500 14 17
009422 334 500 2
009424 375 500 6 14
009429 346 500 9
009432 332 500 0
009433 354 500 14 18
009434 333 500 6 14
009437 375 500 8 10 14
009438 500 375 12
009439 375 500 2
009440 375 500 14
009443 500 367 15
009445 375 500 19
009446 375 500 19
009448 375 500 6 14
009454 375 500 8 19
009455 334 500 7
009456 375 500 1 14
009457 375 500 13
009458 500 473 4
009459 353 500 2
009460 375 500 14
009461 375 500 0
009463 333 500 9
009464 375 500 7
009465 346 393 12
009466 450 500 8
009468 229 320 12 14
009469 375 500 6 14
009470 262 500 7 17
009472 333 500 0
009476 400 500 0
009477 500 332 6 14
009479 500 375 7 14 17
009480 500 375 0
009481 375 500 4 8 14 19
009484 375 500 8 10 19
009488 500 447 2
009490 500 375 14
009491 375 500 15 17
009494 333 500 13 14
009496 333 500 14
009497 375 500 4 14
009499 500 339 14
009500 374 500 14
009502 500 500 11
009504 500 480 13 14
009507 333 500 6
009508 500 374 18
009512 500 375 9 12 14
009515 270 360 6
009516 500 375 7
009517 500 333 6 14
009518 369 500 11 14
009519 500 375 15
009520 359 500 8 14
009523 375 500 0
009524 348 500 14
009526 500 375 8 10 14
009527 375 500 3
009528 375 500 7
009531 375 500 14
009532 333 500 6 14
009533 375 500 3
009537 281 500 14 18
009540 333 500 13
009541 500 375 8 14
009542 332 500 8 14
009543 375 500 8 11
009545 333 500 9
009546 500 375 14 17
009549 375 500 7
009550 500 375 8 10
009551 375 500 14
009557 500 333 1 14
009558 333 500 6 14
009560 336 500 7
009562 500 357 11
009565 375 500 14 17
009566 375 500 2
009567 375 500 14 17
009568 333 500 1 14
009571 333 500 0
009573 337 500 13 14
009576 375 500 19
009577 375 500 8 10 14
009579 500 375 14
009580 333 500 18
009584 375 500 7
009585 375 500 4 14
009586 500 375 9
009587 375 500 11
009588 335 500 18
009591 349 500 13 14
009596 331 500 6 13 14
009597 375 500 18
009598 375 500 2
009600 375 500 1 14
009603 375 500 3 14
009605 375 500 11
009609 335 500 2 14
009611 375 500 14 19
009613 500 375 4 8 10 14 17
009614 375 500 6 14
009615 333 500 0
009617 375 500 8 10 14
009618 375 500 1 14
009619 375 500 11
009620 375 500 0 6
009621 500 412 2
009623 333 500 6
009627 359 500 5
009629 334 500 0
009634 375 500 15
009636 500 375 1
009637 375 500 18
009638 375 500 8 10 14 15
009641 500 375 1 5 6 14
009644 332 500 6
009647 375 500 4 8 14 15
009649 375 500 8 14 19
009650 500 365 9
009654 500 333 4 14
009655 500 375 14 17
009656 375 500 1 14 19
009658 500 333 7
009659 375 500 8 14
009664 500 375 4
009666 500 375 4 14
009667 375 500 1
009668 375 500 11 14
009670 262 500 7
009671 375 500 6 14
009676 375 500 6 14
009678 371 500 5
009679 240 320 4
009681 375 500 0
009684 375 500 14 17
009685 375 500 5
009686 375 500 15
009687 375 500 4 14
009691 333 500 13 14
009692 375 500 2
009693 375 500 14 17
009695 274 500 18
009698 375 500 12 14
009699 375 500 6
009700 375 500 16
009702 333 500 0
009703 375 500 1 14
009706 375 500 10
009707 281 500 7
009709 500 375 4
009710 375 500 9
009711 374 500 6 14
009712 375 500 14
009713 375 500 8 11 14
009717 333 500 3 9 14
009718 375 500 6 14 18
009719 413 500 12
009721 500 375 8 14
009724 375 500 7
009726 375 500 4 10 14
009729 333 500 6
009732 447 480 12 14
009733 333 500 6
009734 375 500 5 14
009735 500 333 8
009737 332 500 6 17
009738 500 375 14
009743 379 500 7
009745 375 500 6
009746 375 500 8 19
009747 500 332 1 14
009748 374 500 11
009749 500 369 2
009754 375 500 14
009755 334 500 14 17
009756 375 500 13 14
009758 332 500 8 10
009761 500 375 1
009762 375 500 1 5 6 14
009763 375 500 7 11 17
009764 375 500 5
009767 500 375 12 14
009772 500 375 7
009773 375 500 8 14
009774 400 500 6
009776 375 500 6 13 14
009778 375 500 18
009780 334 500 11 14 17
009781 375 500 13 14
009785 333 500 6
009789 351 500 14
009790 284 500 18
009792 375 500 8 14
009794 500 372 7
009796 375 500 14
009797 333 500 11
009800 460 500 2 14
009801 375 500 6
009805 375 500 7
009807 333 500 12
009808 500 350 12
009809 334 500 14
009810 333 500 6
009813 375 500 14 17
009816 375 500 16
009819 375 500 7 8 10
009822 375 500 5 6 13 14
009823 375 500 11
009825 500 333 8
009828 500 333 8 14
009830 375 500 6
009831 343 500 18
009832 375 500 5
009833 375 500 8
009834 333 500 6
009836 333 500 3
009839 341 500 6
009841 321 500 12 14
009842 375 500 16
009845 375 500 5 6 14
009848 360 480 1 6 14
009851 375 500 12 14
009852 375 500 7
009855 325 500 18
009858 375 500 0
009859 333 500 14
009860 396 500 18
009862 500 375 6
009863 375 500 6
009865 334 500 9
009867 375 500 14 19
009868 500 333 14
009869 375 500 14
009870 340 500 11
009872 375 500 8
009874 480 318 12 14
009877 500 333 14
009878 375 500 4 14 15 17
009879 375 500 6 14
009880 500 375 14
009881 339 500 14 19
009882 372 500 14 19
009884 375 500 15
009886 375 500 7
009887 374 500 15
009894 335 500 18
009896 375 500 7
009897 375 500 9
009898 333 500 6
009900 500 375 6 14
009902 375 500 4 14
009904 500 375 6
009905 361 500 0
009908 375 500 2 9
009911 400 500 0
009913 375 500 6
009917 375 500 4 8 10 14
009918 333 500 11 14
009920 500 334 6
009923 333 500 7
009926 375 500 1 14
009932 500 375 6
009935 375 500 8 14 19
009938 375 500 6 13
009939 375 500 17
009940 375 500 2
009942 332 500 14
009944 331 500 13 14
009945 375 500 16
009946 375 500 14 18
009947 500 332 3 14
009949 375 500 8 14 17
009950 332 500 14 18
009954 332 500 12 14
009955 500 500 3
009958 333 500 1 14
009959 375 500 6
009961 374 500 11
