2481
008892 1 375 500 251 372 109 128
005998 1 346 500 29 20 298 462
006346 1 374 500 230 1 68 208
003606 1 375 500 76 276 205 224
008969 1 375 500 121 418 62 82
000156 1 375 500 103 432 41 64
008663 1 375 500 106 1 222 495
008057 1 333 500 119 61 105 317
006362 1 375 500 114 1 163 145
009801 1 375 500 218 368 15 36
008665 1 333 500 15 57 310 395
000937 1 375 500 36 46 241 397
002135 1 500 375 139 332 102 43
001455 1 374 500 89 415 37 85
009932 1 500 375 324 68 174 216
006858 1 375 500 75 1 111 136
001057 1 335 500 38 6 297 347
000554 1 375 500 73 91 38 88
004073 1 375 500 208 403 26 62
009776 1 375 500 107 1 130 149
007003 1 375 500 256 196 107 117
001862 1 375 500 61 57 314 379
006918 1 375 500 147 1 83 171
001622 1 500 375 247 1 171 148
007247 1 375 500 93 100 198 394
007279 1 281 500 237 55 35 100
009904 1 500 375 343 72 46 88
005156 1 375 500 111 8 128 158
001693 1 333 500 93 2 219 456
009898 1 333 500 3 3 328 495
008484 1 375 500 1 1 314 406
007383 1 375 500 207 403 34 70
006748 1 500 338 180 178 99 159
000509 1 375 500 2 1 373 467
008449 1 375 500 208 436 26 46
001414 1 375 500 64 40 249 418
006196 1 375 500 1 68 372 432
005756 1 375 500 167 40 136 423
009558 1 333 500 30 99 188 275
005489 1 333 500 71 409 23 55
003721 1 333 500 103 15 145 429
009179 1 375 500 307 243 49 85
005350 1 333 500 140 85 109 315
007667 1 375 500 333 458 20 36
002759 1 374 500 94 256 59 116
008503 1 375 500 184 320 38 46
009254 1 333 500 212 331 31 70
000404 1 333 500 89 133 232 261
008296 1 333 500 103 52 221 448
007843 1 480 500 306 49 144 422
002454 1 334 500 73 100 127 163
008826 1 375 500 188 346 148 154
008550 1 375 500 40 371 79 88
008909 1 375 500 61 22 247 464
004863 1 375 500 61 61 221 360
007414 1 333 500 107 187 89 199
008784 1 262 500 131 324 39 58
000338 1 333 500 73 82 130 302
006277 1 375 500 70 65 252 382
003820 1 375 500 3 1 372 499
001052 1 375 500 101 65 180 366
003551 1 375 500 104 339 29 79
008747 1 500 375 144 320 46 55
009045 1 375 500 82 1 293 499
008444 1 375 500 36 19 214 481
003007 1 332 500 2 29 294 471
008001 1 353 500 96 52 186 406
008750 1 375 500 81 24 223 455
009336 1 375 500 78 61 250 335
008160 1 375 500 1 203 138 253
005020 1 375 500 181 270 53 166
003355 1 335 500 53 220 122 266
008572 1 375 500 61 34 259 423
000169 1 333 500 23 439 155 61
008676 1 336 500 153 125 85 124
009830 1 375 500 18 43 297 358
003406 1 375 500 4 2 370 498
003176 1 500 375 160 139 151 148
007691 1 375 500 85 270 236 230
000579 1 332 500 139 2 86 154
002340 1 375 500 116 107 19 45
008376 1 375 500 75 302 105 148
002625 1 375 500 294 42 19 46
009785 1 333 500 63 75 257 319
006330 1 375 500 306 12 16 28
004750 1 331 500 1 302 109 198
009186 1 375 500 216 1 30 61
008968 1 375 500 50 86 282 357
004519 1 375 500 110 92 131 316
006203 1 500 327 366 46 92 229
000131 1 333 500 99 1 167 474
002343 1 375 500 103 2 241 498
002917 1 375 500 96 48 46 115
003256 1 375 500 86 157 68 170
007601 1 375 500 91 2 90 48
009350 1 500 345 289 8 186 328
002411 1 375 500 163 129 96 171
006224 1 333 500 86 238 21 51
005499 1 333 500 48 2 285 498
007932 1 333 500 163 268 50 101
009060 1 333 500 105 2 119 123
008586 1 379 500 36 174 238 309
009879 1 375 500 164 398 63 100
003214 1 375 500 143 230 77 266
007527 1 431 500 381 108 27 41
009411 1 375 500 112 62 223 401
004186 1 375 500 2 296 23 55
007622 1 333 500 1 2 329 495
004089 1 334 500 58 19 143 247
009862 1 500 375 109 2 391 373
002884 1 333 500 44 153 186 205
000406 1 375 500 285 54 28 60
006632 1 375 500 256 300 109 172
003165 1 355 323 52 42 249 231
006128 1 323 500 195 64 69 161
000329 1 333 500 220 219 17 22
005003 1 375 500 161 188 31 63
000220 1 375 500 114 427 53 73
002247 1 500 375 259 9 192 366
004494 1 332 500 16 2 53 115
007566 1 336 500 1 90 69 99
006290 1 375 500 191 466 79 34
006821 1 371 500 193 319 31 48
008397 1 375 500 354 199 21 95
000823 1 334 500 160 49 105 294
004087 1 375 500 29 1 346 411
004481 1 411 500 167 42 209 423
001944 1 375 500 61 273 215 227
000251 1 500 453 440 362 60 91
009729 1 333 500 61 104 198 269
007650 1 500 375 316 1 49 41
007653 1 332 500 165 17 117 455
003228 1 333 500 104 305 79 89
004242 1 375 500 13 3 361 471
003051 1 333 500 82 30 125 253
008727 1 500 375 249 3 251 372
009834 1 333 500 75 88 205 361
009434 1 333 500 82 16 219 466
001931 1 333 500 114 44 174 445
005609 1 383 500 29 1 114 69
006736 1 375 500 170 102 71 180
009596 1 331 500 47 118 17 19
005592 1 375 500 135 122 72 155
002134 1 375 500 61 1 281 483
006988 1 333 500 66 62 241 325
000469 1 375 500 28 16 287 438
003461 1 333 500 43 10 81 61
004748 1 375 500 326 346 31 59
006900 1 375 500 82 327 103 138
002307 1 333 500 119 193 140 293
009913 1 375 500 82 40 179 407
000855 1 500 375 408 41 22 23
008429 1 339 500 127 148 61 222
007736 1 375 500 178 150 26 38
002248 1 375 500 2 65 299 435
004367 1 375 500 51 109 324 391
006018 1 332 500 234 193 50 38
002244 1 333 500 233 144 33 57
003397 1 375 500 168 15 153 243
001604 1 375 500 88 245 252 255
007424 1 333 500 61 90 209 361
001899 1 332 500 209 22 17 26
000161 1 390 500 195 68 93 53
007167 1 375 500 107 51 199 449
005067 1 333 500 233 400 40 41
003027 1 318 480 93 131 113 214
008031 1 375 500 82 15 221 468
004830 1 333 500 110 104 102 314
000296 1 348 500 125 427 56 73
000653 1 375 500 94 2 218 442
008225 1 385 500 189 128 58 121
005318 1 375 500 37 109 254 312
000245 1 375 500 131 18 161 470
003359 1 382 500 37 342 192 158
008911 1 375 500 146 45 124 202
001290 1 410 500 170 26 166 451
003420 1 375 500 230 351 31 78
000420 1 375 500 29 78 318 397
007284 1 333 500 72 78 135 307
000522 1 375 500 128 36 143 398
001360 1 326 500 91 7 181 441
001954 1 375 500 119 118 132 219
005830 1 333 500 35 1 270 472
009620 1 375 500 283 58 46 61
003936 1 330 500 202 34 57 156
004805 1 333 500 59 43 70 209
004973 1 375 500 149 281 91 127
006103 1 375 500 308 2 63 65
000818 1 287 500 181 1 23 32
009733 1 333 500 4 75 315 404
005387 1 375 500 254 2 15 43
000461 1 333 500 100 9 131 314
005262 1 375 500 159 14 26 39
006734 1 375 500 126 164 241 315
006458 1 314 500 110 26 155 209
002170 1 375 500 246 378 70 122
004304 1 375 500 119 173 183 257
007283 1 375 500 50 236 26 68
002311 1 375 500 57 1 298 498
002490 1 375 500 209 168 57 54
001281 1 333 500 121 169 113 225
000343 1 375 500 74 25 249 464
004365 1 374 500 78 57 204 427
005331 1 480 318 91 1 49 39
004727 1 500 500 205 1 61 55
009000 1 375 500 1 23 45 137
002606 1 335 500 196 193 45 59
009053 1 375 500 82 43 224 375
006329 1 375 500 70 36 221 444
006396 1 170 500 99 1 27 26
008060 1 375 500 126 5 226 495
005102 1 375 500 185 303 89 197
007970 1 375 500 163 296 85 204
008478 1 375 500 131 373 96 127
007790 1 375 500 1 188 52 79
000142 1 375 500 81 26 185 439
002559 1 375 500 64 103 229 350
007963 1 375 500 322 1 53 79
008037 1 333 500 50 147 184 314
008294 1 331 500 63 319 57 132
000153 1 375 500 147 237 44 121
003013 1 375 500 117 85 174 347
000800 1 375 500 170 38 18 33
009015 1 333 500 199 72 22 41
008019 1 318 480 164 381 154 99
009006 1 334 500 176 285 35 58
005593 1 375 500 95 123 180 242
007779 1 375 500 247 305 48 82
003885 1 500 375 373 156 52 66
007285 1 500 375 43 2 457 373
002019 1 333 500 82 43 216 457
002563 1 334 500 247 372 34 49
007709 1 375 500 59 202 39 91
005956 1 363 500 96 338 121 162
009424 1 375 500 103 50 226 372
001845 1 375 500 194 3 72 34
003261 1 375 500 178 218 20 21
000083 1 333 500 33 109 276 338
002682 1 375 500 151 168 128 162
004091 1 375 500 143 1 232 196
006058 1 375 500 107 1 268 498
001881 1 375 500 76 381 44 114
004231 1 354 500 113 32 73 233
008093 1 375 500 284 1 91 83
005782 1 333 500 93 54 133 357
004539 1 375 500 240 268 29 40
007525 1 400 500 185 134 152 270
008680 1 375 500 202 275 46 79
008517 1 333 500 2 1 331 344
002734 1 374 500 45 319 47 101
000474 1 375 500 157 53 202 395
003243 1 375 500 200 364 30 62
001409 1 333 500 74 226 166 238
002772 1 375 500 146 32 127 404
002125 1 375 500 154 58 156 409
004145 1 375 500 163 169 60 55
003998 1 375 500 60 12 247 488
007883 1 335 500 193 442 17 35
008268 1 334 500 129 1 115 157
000288 1 333 500 142 30 63 47
007068 1 500 357 24 94 51 227
008549 1 333 500 29 99 280 341
009774 1 400 500 65 453 51 47
000888 1 347 500 208 72 111 137
008169 1 375 500 174 11 52 80
003054 1 375 500 142 398 43 61
009269 1 496 500 167 100 160 304
002373 1 332 500 1 284 9 55
001937 1 500 375 211 11 222 321
007699 1 375 500 50 2 325 498
007040 1 425 500 32 156 121 288
003032 1 375 500 240 1 91 142
007294 1 312 500 172 270 80 91
002180 1 375 500 205 1 71 46
000543 1 375 500 87 298 156 202
007490 1 375 500 211 104 67 160
004591 1 333 500 247 326 60 174
006654 1 333 500 8 1 132 156
004346 1 375 500 259 438 63 62
008801 1 411 500 14 95 85 216
006151 1 500 334 192 1 145 206
001384 1 375 500 89 259 53 74
009469 1 375 500 111 1 77 129
006062 1 333 500 91 72 14 40
002566 1 375 500 181 34 26 70
005831 1 375 500 147 36 197 429
003379 1 333 500 114 68 99 341
006250 1 375 500 124 59 146 220
006011 1 375 500 95 210 69 136
002504 1 374 500 310 98 17 41
005305 1 500 375 358 74 104 192
006261 1 500 398 259 1 91 73
009614 1 375 500 156 149 54 54
008859 1 333 500 82 104 39 63
004705 1 330 500 206 1 64 103
004526 1 375 500 74 104 165 332
005584 1 375 500 192 334 127 154
009676 1 375 500 146 459 100 41
005897 1 370 500 246 251 97 201
009477 1 500 332 39 31 61 148
004660 1 375 500 89 3 264 496
009920 1 500 334 213 9 206 312
000289 1 333 500 99 49 132 288
003636 1 375 500 232 356 24 50
003596 1 375 500 72 233 24 53
004295 1 375 500 11 36 340 417
005486 1 375 500 69 252 126 248
006035 1 281 500 251 151 23 74
009121 1 333 500 148 427 100 73
007950 1 375 500 310 37 26 45
001640 1 375 500 52 397 54 63
000180 1 375 500 110 14 246 482
002595 1 375 500 115 68 119 374
001069 1 375 500 117 1 64 116
005679 1 360 500 42 33 82 107
002776 1 332 500 218 239 32 63
006223 1 333 500 90 128 176 298
006625 1 375 500 146 17 97 94
002023 1 362 500 47 27 253 456
006668 1 374 500 28 94 306 341
004604 1 375 500 52 2 136 170
008706 1 333 500 136 1 36 33
006660 1 400 500 273 47 105 248
000387 1 333 500 18 5 237 477
002436 1 375 500 149 452 50 48
000396 1 375 500 170 86 89 267
009064 1 375 500 41 1 161 154
002355 1 375 500 137 18 177 470
008716 1 333 500 93 196 114 165
007647 1 500 333 236 111 99 222
006325 1 458 500 277 276 76 87
005988 1 375 500 68 446 74 54
001801 1 375 500 206 1 159 42
005547 1 375 500 150 48 197 399
005549 1 375 500 202 136 37 60
004228 1 294 500 56 40 31 82
005072 1 333 500 78 4 221 452
005760 1 375 500 127 220 102 228
007427 1 375 500 208 269 76 44
003094 1 333 500 30 19 229 481
005645 1 375 500 27 1 348 499
007905 1 374 500 87 15 243 481
006893 1 500 375 291 143 66 102
003057 1 500 375 121 3 103 141
006783 1 500 333 221 144 33 50
001432 1 375 500 2 2 373 497
007663 1 375 500 94 49 202 412
008315 1 375 500 234 454 38 46
005110 1 375 500 186 180 31 26
008466 1 333 500 121 212 109 230
007971 1 333 500 1 1 332 499
000311 1 375 500 42 47 312 386
009205 1 334 500 128 1 201 310
009116 1 375 500 172 9 183 447
008923 1 209 500 31 15 145 351
008978 1 375 500 146 212 212 279
000492 0 375 500 0 0 0 0
003859 0 500 375 0 0 0 0
008398 0 375 500 0 0 0 0
006575 0 500 375 0 0 0 0
005526 0 375 500 0 0 0 0
008106 0 500 375 0 0 0 0
007435 0 500 332 0 0 0 0
001387 0 500 375 0 0 0 0
005215 0 375 500 0 0 0 0
001617 0 331 500 0 0 0 0
001903 0 333 500 0 0 0 0
002158 0 300 500 0 0 0 0
002984 0 330 500 0 0 0 0
001741 0 254 400 0 0 0 0
006208 0 375 500 0 0 0 0
004869 0 500 350 0 0 0 0
001137 0 333 500 0 0 0 0
001537 0 332 500 0 0 0 0
000448 0 375 500 0 0 0 0
008698 0 500 357 0 0 0 0
002866 0 375 500 0 0 0 0
009667 0 375 500 0 0 0 0
002372 0 500 400 0 0 0 0
002942 0 333 500 0 0 0 0
006603 0 500 330 0 0 0 0
006028 0 374 500 0 0 0 0
000129 0 500 334 0 0 0 0
002146 0 500 375 0 0 0 0
008127 0 334 500 0 0 0 0
001960 0 500 329 0 0 0 0
008690 0 333 500 0 0 0 0
000889 0 500 374 0 0 0 0
009455 0 334 500 0 0 0 0
004976 0 338 500 0 0 0 0
000246 0 375 500 0 0 0 0
001952 0 397 500 0 0 0 0
004237 0 375 500 0 0 0 0
000435 0 332 500 0 0 0 0
001084 0 480 318 0 0 0 0
004857 0 375 500 0 0 0 0
006814 0 375 500 0 0 0 0
004566 0 375 500 0 0 0 0
007571 0 375 500 0 0 0 0
009461 0 375 500 0 0 0 0
000051 0 375 500 0 0 0 0
009746 0 375 500 0 0 0 0
002335 0 375 500 0 0 0 0
003218 0 334 500 0 0 0 0
003293 0 500 333 0 0 0 0
009695 0 274 500 0 0 0 0
003690 0 375 500 0 0 0 0
009573 0 337 500 0 0 0 0
008748 0 500 344 0 0 0 0
008202 0 375 500 0 0 0 0
002333 0 335 500 0 0 0 0
005819 0 375 500 0 0 0 0
004193 0 375 500 0 0 0 0
002419 0 344 500 0 0 0 0
000973 0 375 500 0 0 0 0
007758 0 387 500 0 0 0 0
007712 0 450 307 0 0 0 0
003519 0 375 500 0 0 0 0
006067 0 375 500 0 0 0 0
009401 0 375 500 0 0 0 0
006781 0 367 234 0 0 0 0
009359 0 281 500 0 0 0 0
002690 0 500 375 0 0 0 0
000177 0 375 500 0 0 0 0
005990 0 375 500 0 0 0 0
001563 0 333 500 0 0 0 0
005811 0 375 500 0 0 0 0
002715 0 375 500 0 0 0 0
004722 0 375 500 0 0 0 0
009908 0 375 500 0 0 0 0
008970 0 334 500 0 0 0 0
008002 0 333 500 0 0 0 0
005568 0 375 500 0 0 0 0
005153 0 375 500 0 0 0 0
007097 0 288 500 0 0 0 0
000892 0 375 500 0 0 0 0
006189 0 333 500 0 0 0 0
005781 0 500 337 0 0 0 0
005290 0 333 500 0 0 0 0
000777 0 333 500 0 0 0 0
002735 0 480 423 0 0 0 0
000141 0 423 500 0 0 0 0
008771 0 335 500 0 0 0 0
007185 0 332 500 0 0 0 0
008434 0 313 500 0 0 0 0
000958 0 300 400 0 0 0 0
007603 0 375 500 0 0 0 0
007979 0 202 500 0 0 0 0
000184 0 375 500 0 0 0 0
000347 0 357 466 0 0 0 0
002318 0 375 500 0 0 0 0
002845 0 500 375 0 0 0 0
004430 0 333 500 0 0 0 0
006803 0 500 400 0 0 0 0
006456 0 375 500 0 0 0 0
001248 0 375 500 0 0 0 0
008854 0 333 500 0 0 0 0
009735 0 500 333 0 0 0 0
004974 0 329 500 0 0 0 0
005701 0 500 375 0 0 0 0
005298 0 333 500 0 0 0 0
002172 0 375 500 0 0 0 0
003803 0 500 375 0 0 0 0
002858 0 500 333 0 0 0 0
009500 0 374 500 0 0 0 0
003419 0 375 500 0 0 0 0
004009 0 366 500 0 0 0 0
007715 0 375 500 0 0 0 0
004674 0 333 500 0 0 0 0
002234 0 375 500 0 0 0 0
009546 0 500 375 0 0 0 0
009576 0 375 500 0 0 0 0
008281 0 500 375 0 0 0 0
005700 0 372 500 0 0 0 0
008728 0 375 500 0 0 0 0
004273 0 375 500 0 0 0 0
004174 0 454 500 0 0 0 0
002757 0 381 500 0 0 0 0
002367 0 375 500 0 0 0 0
001555 0 375 500 0 0 0 0
004785 0 331 500 0 0 0 0
005789 0 375 500 0 0 0 0
009331 0 375 500 0 0 0 0
009638 0 375 500 0 0 0 0
003539 0 375 500 0 0 0 0
003889 0 318 480 0 0 0 0
005421 0 375 500 0 0 0 0
001127 0 375 500 0 0 0 0
005812 0 334 500 0 0 0 0
001882 0 333 500 0 0 0 0
005263 0 375 500 0 0 0 0
006188 0 379 500 0 0 0 0
003034 0 375 500 0 0 0 0
008647 0 375 500 0 0 0 0
004271 0 500 432 0 0 0 0
001818 0 332 500 0 0 0 0
003635 0 375 500 0 0 0 0
007466 0 331 500 0 0 0 0
005901 0 375 500 0 0 0 0
005054 0 500 334 0 0 0 0
004956 0 500 333 0 0 0 0
004876 0 248 500 0 0 0 0
009755 0 334 500 0 0 0 0
004450 0 500 333 0 0 0 0
007718 0 375 500 0 0 0 0
003772 0 375 500 0 0 0 0
004913 0 375 500 0 0 0 0
004005 0 373 500 0 0 0 0
008636 0 375 500 0 0 0 0
007901 0 500 375 0 0 0 0
006987 0 372 500 0 0 0 0
002000 0 375 500 0 0 0 0
001388 0 414 500 0 0 0 0
002966 0 334 500 0 0 0 0
004195 0 375 500 0 0 0 0
009579 0 500 375 0 0 0 0
003754 0 357 500 0 0 0 0
005696 0 500 333 0 0 0 0
009408 0 357 500 0 0 0 0
006163 0 500 357 0 0 0 0
009860 0 396 500 0 0 0 0
007256 0 375 500 0 0 0 0
004656 0 500 375 0 0 0 0
001972 0 500 333 0 0 0 0
004396 0 375 500 0 0 0 0
003462 0 375 500 0 0 0 0
006418 0 333 500 0 0 0 0
005964 0 333 500 0 0 0 0
005413 0 500 375 0 0 0 0
006430 0 375 500 0 0 0 0
001963 0 375 500 0 0 0 0
008620 0 375 500 0 0 0 0
007325 0 333 500 0 0 0 0
009288 0 319 213 0 0 0 0
009259 0 333 500 0 0 0 0
007873 0 375 500 0 0 0 0
003759 0 375 500 0 0 0 0
002899 0 500 375 0 0 0 0
005914 0 375 500 0 0 0 0
006466 0 375 500 0 0 0 0
000513 0 333 500 0 0 0 0
000194 0 224 320 0 0 0 0
009432 0 332 500 0 0 0 0
007786 0 375 500 0 0 0 0
001936 0 333 500 0 0 0 0
003876 0 382 500 0 0 0 0
000306 0 176 500 0 0 0 0
009703 0 375 500 0 0 0 0
002132 0 375 500 0 0 0 0
001185 0 375 500 0 0 0 0
006341 0 500 375 0 0 0 0
002238 0 327 500 0 0 0 0
004872 0 375 500 0 0 0 0
009446 0 375 500 0 0 0 0
007484 0 375 500 0 0 0 0
009911 0 400 500 0 0 0 0
006678 0 375 500 0 0 0 0
005220 0 375 500 0 0 0 0
008769 0 373 500 0 0 0 0
007031 0 500 375 0 0 0 0
003155 0 500 333 0 0 0 0
000702 0 375 500 0 0 0 0
004955 0 374 500 0 0 0 0
008841 0 375 500 0 0 0 0
003373 0 375 500 0 0 0 0
004010 0 418 500 0 0 0 0
008961 0 407 500 0 0 0 0
003063 0 500 375 0 0 0 0
006433 0 375 500 0 0 0 0
004221 0 375 500 0 0 0 0
003983 0 333 500 0 0 0 0
006078 0 375 500 0 0 0 0
007389 0 337 500 0 0 0 0
004524 0 375 500 0 0 0 0
001833 0 375 500 0 0 0 0
002465 0 375 500 0 0 0 0
005672 0 500 377 0 0 0 0
000480 0 375 500 0 0 0 0
003487 0 375 500 0 0 0 0
003865 0 375 500 0 0 0 0
002136 0 375 500 0 0 0 0
008326 0 333 500 0 0 0 0
001420 0 332 500 0 0 0 0
009480 0 500 375 0 0 0 0
000710 0 500 375 0 0 0 0
009032 0 375 500 0 0 0 0
008051 0 375 500 0 0 0 0
003299 0 335 500 0 0 0 0
007042 0 375 500 0 0 0 0
006267 0 335 500 0 0 0 0
001594 0 333 500 0 0 0 0
000193 0 375 500 0 0 0 0
009007 0 403 500 0 0 0 0
005695 0 500 375 0 0 0 0
005686 0 371 500 0 0 0 0
007491 0 375 500 0 0 0 0
007524 0 500 333 0 0 0 0
004291 0 500 375 0 0 0 0
002257 0 375 500 0 0 0 0
008654 0 338 500 0 0 0 0
006486 0 375 500 0 0 0 0
002034 0 288 500 0 0 0 0
007910 0 375 500 0 0 0 0
003024 0 208 500 0 0 0 0
003455 0 333 500 0 0 0 0
001768 0 500 375 0 0 0 0
006139 0 375 500 0 0 0 0
000024 0 335 500 0 0 0 0
006148 0 500 375 0 0 0 0
004436 0 500 332 0 0 0 0
005001 0 333 500 0 0 0 0
001711 0 375 500 0 0 0 0
008438 0 333 500 0 0 0 0
006922 0 333 500 0 0 0 0
009565 0 375 500 0 0 0 0
001985 0 500 333 0 0 0 0
000820 0 375 500 0 0 0 0
006216 0 375 500 0 0 0 0
003593 0 333 500 0 0 0 0
008931 0 374 500 0 0 0 0
007528 0 375 500 0 0 0 0
005576 0 109 500 0 0 0 0
000331 0 500 375 0 0 0 0
004953 0 358 500 0 0 0 0
008005 0 375 500 0 0 0 0
006391 0 500 375 0 0 0 0
008095 0 375 500 0 0 0 0
007460 0 500 333 0 0 0 0
002836 0 333 500 0 0 0 0
005923 0 375 500 0 0 0 0
006777 0 500 352 0 0 0 0
004455 0 333 500 0 0 0 0
002090 0 300 400 0 0 0 0
006074 0 345 500 0 0 0 0
005613 0 375 500 0 0 0 0
000030 0 375 500 0 0 0 0
007138 0 343 500 0 0 0 0
002613 0 375 500 0 0 0 0
008971 0 294 500 0 0 0 0
006833 0 375 500 0 0 0 0
002684 0 500 447 0 0 0 0
009591 0 349 500 0 0 0 0
003211 0 375 500 0 0 0 0
007513 0 333 500 0 0 0 0
000468 0 500 333 0 0 0 0
001766 0 375 500 0 0 0 0
004856 0 500 368 0 0 0 0
000742 0 338 500 0 0 0 0
005723 0 391 500 0 0 0 0
001203 0 240 350 0 0 0 0
000657 0 333 500 0 0 0 0
006565 0 373 500 0 0 0 0
001669 0 500 375 0 0 0 0
002415 0 500 332 0 0 0 0
006689 0 374 500 0 0 0 0
000764 0 332 500 0 0 0 0
005938 0 313 500 0 0 0 0
002098 0 375 500 0 0 0 0
007296 0 375 500 0 0 0 0
007263 0 375 500 0 0 0 0
006631 0 327 500 0 0 0 0
005253 0 333 500 0 0 0 0
009405 0 375 500 0 0 0 0
002470 0 500 417 0 0 0 0
002199 0 372 500 0 0 0 0
005404 0 375 500 0 0 0 0
000896 0 375 500 0 0 0 0
001028 0 500 406 0 0 0 0
000612 0 500 375 0 0 0 0
003039 0 375 500 0 0 0 0
004441 0 500 374 0 0 0 0
006699 0 500 375 0 0 0 0
006409 0 375 500 0 0 0 0
006515 0 375 500 0 0 0 0
006959 0 333 500 0 0 0 0
000887 0 320 500 0 0 0 0
006845 0 375 500 0 0 0 0
009271 0 375 500 0 0 0 0
006061 0 375 500 0 0 0 0
001348 0 333 500 0 0 0 0
004170 0 335 500 0 0 0 0
008764 0 500 400 0 0 0 0
006166 0 419 500 0 0 0 0
006862 0 375 500 0 0 0 0
004470 0 375 500 0 0 0 0
000520 0 500 334 0 0 0 0
001277 0 332 500 0 0 0 0
008241 0 375 500 0 0 0 0
002537 0 391 458 0 0 0 0
009700 0 375 500 0 0 0 0
002718 0 375 500 0 0 0 0
006240 0 467 351 0 0 0 0
002635 0 334 500 0 0 0 0
006914 0 375 500 0 0 0 0
006041 0 375 500 0 0 0 0
009036 0 405 500 0 0 0 0
007152 0 334 500 0 0 0 0
008049 0 375 500 0 0 0 0
004600 0 375 500 0 0 0 0
008372 0 332 500 0 0 0 0
004300 0 375 500 0 0 0 0
008557 0 335 500 0 0 0 0
009250 0 500 375 0 0 0 0
001941 0 375 500 0 0 0 0
007144 0 375 500 0 0 0 0
004196 0 336 500 0 0 0 0
000793 0 375 500 0 0 0 0
006827 0 500 375 0 0 0 0
007023 0 500 375 0 0 0 0
002586 0 500 500 0 0 0 0
000637 0 375 500 0 0 0 0
007705 0 500 333 0 0 0 0
003392 0 375 500 0 0 0 0
000208 0 375 500 0 0 0 0
006476 0 368 500 0 0 0 0
008602 0 375 500 0 0 0 0
006538 0 333 500 0 0 0 0
000733 0 435 450 0 0 0 0
000964 0 333 500 0 0 0 0
007526 0 500 332 0 0 0 0
000660 0 332 500 0 0 0 0
002502 0 500 335 0 0 0 0
006495 0 375 500 0 0 0 0
009749 0 500 369 0 0 0 0
004146 0 375 500 0 0 0 0
005705 0 500 375 0 0 0 0
007576 0 371 480 0 0 0 0
001531 0 375 500 0 0 0 0
000200 0 249 500 0 0 0 0
003424 0 500 333 0 0 0 0
001504 0 500 375 0 0 0 0
007865 0 375 500 0 0 0 0
000626 0 400 500 0 0 0 0
008132 0 375 500 0 0 0 0
008040 0 399 500 0 0 0 0
007200 0 333 500 0 0 0 0
007694 0 375 500 0 0 0 0
009308 0 331 500 0 0 0 0
008301 0 500 375 0 0 0 0
005018 0 331 500 0 0 0 0
002744 0 378 500 0 0 0 0
001836 0 375 500 0 0 0 0
007775 0 500 378 0 0 0 0
000689 0 353 500 0 0 0 0
003149 0 375 500 0 0 0 0
001493 0 375 500 0 0 0 0
007642 0 375 500 0 0 0 0
003863 0 335 500 0 0 0 0
008717 0 375 500 0 0 0 0
006129 0 333 500 0 0 0 0
003044 0 500 375 0 0 0 0
003370 0 332 500 0 0 0 0
008282 0 375 500 0 0 0 0
007073 0 375 500 0 0 0 0
000033 0 366 500 0 0 0 0
005393 0 333 500 0 0 0 0
001642 0 463 381 0 0 0 0
003213 0 334 500 0 0 0 0
005242 0 333 500 0 0 0 0
007481 0 332 500 0 0 0 0
003058 0 500 396 0 0 0 0
001066 0 329 500 0 0 0 0
003391 0 375 500 0 0 0 0
004649 0 335 500 0 0 0 0
002848 0 96 500 0 0 0 0
000496 0 375 500 0 0 0 0
004532 0 374 500 0 0 0 0
008342 0 400 500 0 0 0 0
004939 0 333 500 0 0 0 0
002567 0 375 500 0 0 0 0
000654 0 333 500 0 0 0 0
003365 0 333 500 0 0 0 0
007836 0 375 500 0 0 0 0
008272 0 375 500 0 0 0 0
003093 0 375 500 0 0 0 0
001860 0 285 400 0 0 0 0
003008 0 333 500 0 0 0 0
005875 0 375 500 0 0 0 0
004699 0 378 500 0 0 0 0
000878 0 333 500 0 0 0 0
008477 0 358 500 0 0 0 0
002699 0 375 500 0 0 0 0
008753 0 437 500 0 0 0 0
009221 0 333 500 0 0 0 0
007292 0 375 500 0 0 0 0
000531 0 375 500 0 0 0 0
005371 0 333 500 0 0 0 0
003722 0 339 500 0 0 0 0
000499 0 375 500 0 0 0 0
008799 0 375 500 0 0 0 0
008485 0 375 500 0 0 0 0
004404 0 375 500 0 0 0 0
006512 0 375 500 0 0 0 0
008423 0 322 500 0 0 0 0
007365 0 332 500 0 0 0 0
008955 0 500 375 0 0 0 0
000482 0 334 500 0 0 0 0
004841 0 375 500 0 0 0 0
001479 0 375 500 0 0 0 0
005380 0 500 375 0 0 0 0
009637 0 375 500 0 0 0 0
008526 0 500 375 0 0 0 0
005478 0 500 376 0 0 0 0
001807 0 333 500 0 0 0 0
002990 0 375 500 0 0 0 0
006309 0 335 500 0 0 0 0
008948 0 375 500 0 0 0 0
003714 0 375 500 0 0 0 0
005768 0 330 500 0 0 0 0
001341 0 377 500 0 0 0 0
007662 0 500 374 0 0 0 0
009433 0 354 500 0 0 0 0
008815 0 375 500 0 0 0 0
003618 0 332 500 0 0 0 0
003477 0 375 500 0 0 0 0
003219 0 500 334 0 0 0 0
004148 0 332 500 0 0 0 0
003622 0 375 500 0 0 0 0
004111 0 375 500 0 0 0 0
002102 0 283 500 0 0 0 0
009004 0 334 500 0 0 0 0
001161 0 375 500 0 0 0 0
008258 0 500 408 0 0 0 0
008462 0 375 500 0 0 0 0
009148 0 276 369 0 0 0 0
000146 0 500 374 0 0 0 0
007297 0 291 500 0 0 0 0
004753 0 375 500 0 0 0 0
007640 0 375 500 0 0 0 0
006829 0 375 500 0 0 0 0
007727 0 318 480 0 0 0 0
003270 0 333 500 0 0 0 0
008213 0 224 500 0 0 0 0
004459 0 375 500 0 0 0 0
003705 0 375 500 0 0 0 0
005278 0 318 480 0 0 0 0
007767 0 333 500 0 0 0 0
005715 0 375 500 0 0 0 0
009940 0 375 500 0 0 0 0
007611 0 375 500 0 0 0 0
007184 0 500 334 0 0 0 0
008386 0 375 500 0 0 0 0
008253 0 375 500 0 0 0 0
006357 0 500 331 0 0 0 0
001772 0 500 374 0 0 0 0
003466 0 375 500 0 0 0 0
003146 0 375 500 0 0 0 0
005315 0 375 500 0 0 0 0
003834 0 375 500 0 0 0 0
007885 0 500 441 0 0 0 0
006609 0 375 500 0 0 0 0
006073 0 375 500 0 0 0 0
009439 0 375 500 0 0 0 0
001759 0 375 500 0 0 0 0
003522 0 375 500 0 0 0 0
007390 0 375 500 0 0 0 0
004571 0 323 500 0 0 0 0
000876 0 334 500 0 0 0 0
005097 0 375 500 0 0 0 0
005718 0 386 500 0 0 0 0
000705 0 234 500 0 0 0 0
001010 0 375 500 0 0 0 0
002755 0 375 500 0 0 0 0
008313 0 375 500 0 0 0 0
003949 0 332 500 0 0 0 0
006784 0 375 500 0 0 0 0
000750 0 500 375 0 0 0 0
003047 0 377 500 0 0 0 0
004517 0 500 421 0 0 0 0
003320 0 333 500 0 0 0 0
003681 0 375 500 0 0 0 0
006135 0 332 500 0 0 0 0
003178 0 375 500 0 0 0 0
004574 0 500 334 0 0 0 0
001327 0 500 375 0 0 0 0
002082 0 302 500 0 0 0 0
007408 0 500 375 0 0 0 0
004928 0 333 500 0 0 0 0
005559 0 375 500 0 0 0 0
001588 0 333 500 0 0 0 0
000304 0 500 375 0 0 0 0
006339 0 375 500 0 0 0 0
002369 0 375 500 0 0 0 0
006824 0 333 500 0 0 0 0
005840 0 500 493 0 0 0 0
000991 0 480 318 0 0 0 0
005283 0 375 500 0 0 0 0
006944 0 333 500 0 0 0 0
000583 0 276 500 0 0 0 0
002345 0 500 375 0 0 0 0
005761 0 361 500 0 0 0 0
005826 0 375 500 0 0 0 0
009166 0 286 500 0 0 0 0
007533 0 375 500 0 0 0 0
007765 0 500 375 0 0 0 0
006382 0 332 500 0 0 0 0
006587 0 375 500 0 0 0 0
005583 0 500 375 0 0 0 0
005843 0 375 500 0 0 0 0
001375 0 410 500 0 0 0 0
009808 0 500 350 0 0 0 0
004832 0 471 474 0 0 0 0
002462 0 375 500 0 0 0 0
001878 0 375 500 0 0 0 0
002423 0 361 500 0 0 0 0
001145 0 500 375 0 0 0 0
000552 0 331 500 0 0 0 0
003965 0 375 500 0 0 0 0
005803 0 375 500 0 0 0 0
005429 0 333 500 0 0 0 0
006001 0 375 500 0 0 0 0
005108 0 281 500 0 0 0 0
005636 0 500 332 0 0 0 0
006523 0 375 500 0 0 0 0
001875 0 375 500 0 0 0 0
005042 0 500 340 0 0 0 0
002869 0 333 500 0 0 0 0
007314 0 375 500 0 0 0 0
009159 0 375 500 0 0 0 0
002190 0 333 500 0 0 0 0
007130 0 375 500 0 0 0 0
002129 0 379 500 0 0 0 0
003489 0 375 500 0 0 0 0
001673 0 375 500 0 0 0 0
003107 0 500 332 0 0 0 0
000872 0 375 500 0 0 0 0
001896 0 375 500 0 0 0 0
009588 0 335 500 0 0 0 0
009584 0 375 500 0 0 0 0
008101 0 363 500 0 0 0 0
008012 0 393 500 0 0 0 0
005434 0 320 212 0 0 0 0
003953 0 500 375 0 0 0 0
005438 0 342 500 0 0 0 0
006682 0 375 500 0 0 0 0
008536 0 500 375 0 0 0 0
005825 0 333 500 0 0 0 0
005064 0 375 500 0 0 0 0
007933 0 375 500 0 0 0 0
001729 0 333 500 0 0 0 0
002978 0 375 500 0 0 0 0
006939 0 375 500 0 0 0 0
002847 0 333 500 0 0 0 0
003912 0 394 500 0 0 0 0
003279 0 400 500 0 0 0 0
000929 0 375 500 0 0 0 0
002310 0 333 500 0 0 0 0
008775 0 333 500 0 0 0 0
001806 0 500 328 0 0 0 0
007132 0 325 500 0 0 0 0
004558 0 500 333 0 0 0 0
004648 0 375 500 0 0 0 0
002209 0 500 500 0 0 0 0
005796 0 500 375 0 0 0 0
009693 0 375 500 0 0 0 0
006797 0 375 500 0 0 0 0
002278 0 375 500 0 0 0 0
008639 0 375 500 0 0 0 0
002913 0 312 500 0 0 0 0
005893 0 374 500 0 0 0 0
003695 0 318 480 0 0 0 0
001061 0 375 500 0 0 0 0
001434 0 332 500 0 0 0 0
001732 0 332 500 0 0 0 0
003603 0 375 500 0 0 0 0
008985 0 500 375 0 0 0 0
003969 0 334 500 0 0 0 0
006789 0 320 267 0 0 0 0
000728 0 333 500 0 0 0 0
007540 0 375 500 0 0 0 0
006377 0 333 500 0 0 0 0
006859 0 372 500 0 0 0 0
003750 0 375 500 0 0 0 0
000544 0 333 500 0 0 0 0
006272 0 500 355 0 0 0 0
005829 0 327 500 0 0 0 0
003126 0 375 500 0 0 0 0
004178 0 307 500 0 0 0 0
003678 0 332 500 0 0 0 0
007793 0 334 500 0 0 0 0
005685 0 500 375 0 0 0 0
003638 0 375 500 0 0 0 0
009713 0 375 500 0 0 0 0
004392 0 375 500 0 0 0 0
003709 0 375 500 0 0 0 0
006725 0 333 500 0 0 0 0
006153 0 335 500 0 0 0 0
003105 0 333 500 0 0 0 0
003621 0 343 500 0 0 0 0
000686 0 375 500 0 0 0 0
007375 0 375 500 0 0 0 0
005085 0 500 355 0 0 0 0
003948 0 224 320 0 0 0 0
000684 0 500 375 0 0 0 0
005574 0 375 500 0 0 0 0
005254 0 375 500 0 0 0 0
003887 0 500 361 0 0 0 0
005660 0 500 417 0 0 0 0
000752 0 332 500 0 0 0 0
006673 0 333 500 0 0 0 0
004434 0 375 500 0 0 0 0
009200 0 375 500 0 0 0 0
004141 0 500 420 0 0 0 0
002410 0 375 500 0 0 0 0
003077 0 332 500 0 0 0 0
000713 0 336 500 0 0 0 0
008189 0 375 500 0 0 0 0
001723 0 500 333 0 0 0 0
009089 0 500 375 0 0 0 0
008624 0 375 500 0 0 0 0
006670 0 500 500 0 0 0 0
001241 0 500 375 0 0 0 0
000943 0 375 500 0 0 0 0
009377 0 338 500 0 0 0 0
000484 0 375 500 0 0 0 0
005037 0 500 333 0 0 0 0
002276 0 333 500 0 0 0 0
006279 0 375 500 0 0 0 0
003879 0 375 500 0 0 0 0
002810 0 325 500 0 0 0 0
000622 0 375 500 0 0 0 0
002621 0 375 500 0 0 0 0
006543 0 333 500 0 0 0 0
007449 0 375 500 0 0 0 0
001200 0 339 500 0 0 0 0
009825 0 500 333 0 0 0 0
004247 0 400 500 0 0 0 0
001934 0 291 322 0 0 0 0
005297 0 333 500 0 0 0 0
005615 0 375 500 0 0 0 0
002658 0 333 500 0 0 0 0
001156 0 399 500 0 0 0 0
007486 0 333 500 0 0 0 0
007419 0 375 500 0 0 0 0
000842 0 356 500 0 0 0 0
009160 0 333 500 0 0 0 0
005788 0 375 500 0 0 0 0
005150 0 400 500 0 0 0 0
004812 0 362 500 0 0 0 0
004352 0 375 500 0 0 0 0
003005 0 375 500 0 0 0 0
002385 0 375 500 0 0 0 0
004777 0 395 500 0 0 0 0
007594 0 375 500 0 0 0 0
003905 0 357 500 0 0 0 0
009128 0 420 304 0 0 0 0
000799 0 441 500 0 0 0 0
006371 0 375 500 0 0 0 0
006170 0 334 500 0 0 0 0
000269 0 332 500 0 0 0 0
000848 0 334 500 0 0 0 0
008987 0 333 500 0 0 0 0
001485 0 333 500 0 0 0 0
000609 0 375 500 0 0 0 0
007914 0 500 375 0 0 0 0
001121 0 500 375 0 0 0 0
007998 0 375 500 0 0 0 0
008495 0 357 500 0 0 0 0
005210 0 281 500 0 0 0 0
000298 0 388 500 0 0 0 0
005864 0 285 431 0 0 0 0
009926 0 375 500 0 0 0 0
007388 0 375 500 0 0 0 0
002095 0 383 293 0 0 0 0
005508 0 500 375 0 0 0 0
004255 0 376 500 0 0 0 0
009316 0 375 500 0 0 0 0
002867 0 500 374 0 0 0 0
006507 0 375 500 0 0 0 0
007211 0 375 500 0 0 0 0
004258 0 375 500 0 0 0 0
000225 0 333 500 0 0 0 0
005455 0 293 383 0 0 0 0
007916 0 332 500 0 0 0 0
002058 0 333 500 0 0 0 0
007911 0 498 500 0 0 0 0
007007 0 374 500 0 0 0 0
009456 0 375 500 0 0 0 0
007467 0 333 500 0 0 0 0
006181 0 375 500 0 0 0 0
003774 0 375 500 0 0 0 0
008017 0 333 500 0 0 0 0
003499 0 375 500 0 0 0 0
008275 0 357 500 0 0 0 0
009407 0 480 432 0 0 0 0
004551 0 375 500 0 0 0 0
008933 0 500 375 0 0 0 0
003436 0 375 500 0 0 0 0
001333 0 375 500 0 0 0 0
008319 0 375 500 0 0 0 0
003786 0 281 500 0 0 0 0
001828 0 500 333 0 0 0 0
002224 0 375 500 0 0 0 0
006088 0 375 500 0 0 0 0
004031 0 375 500 0 0 0 0
004076 0 375 500 0 0 0 0
000804 0 500 333 0 0 0 0
008445 0 333 500 0 0 0 0
001510 0 375 500 0 0 0 0
002452 0 375 500 0 0 0 0
007425 0 333 500 0 0 0 0
001932 0 373 500 0 0 0 0
002108 0 375 500 0 0 0 0
005391 0 375 500 0 0 0 0
006848 0 333 500 0 0 0 0
003937 0 333 500 0 0 0 0
002598 0 500 333 0 0 0 0
000761 0 375 500 0 0 0 0
003255 0 375 500 0 0 0 0
001008 0 375 500 0 0 0 0
000462 0 375 500 0 0 0 0
008250 0 375 500 0 0 0 0
001226 0 333 500 0 0 0 0
009947 0 500 332 0 0 0 0
009897 0 375 500 0 0 0 0
004783 0 334 500 0 0 0 0
006033 0 500 375 0 0 0 0
008416 0 333 500 0 0 0 0
001686 0 500 375 0 0 0 0
007615 0 375 500 0 0 0 0
007956 0 375 500 0 0 0 0
003599 0 332 500 0 0 0 0
009002 0 269 500 0 0 0 0
001236 0 399 500 0 0 0 0
001298 0 375 500 0 0 0 0
000949 0 500 340 0 0 0 0
008311 0 333 500 0 0 0 0
005550 0 360 480 0 0 0 0
007413 0 375 500 0 0 0 0
006503 0 375 500 0 0 0 0
005036 0 334 500 0 0 0 0
004345 0 332 500 0 0 0 0
006950 0 500 333 0 0 0 0
006972 0 333 500 0 0 0 0
005996 0 375 500 0 0 0 0
007633 0 329 500 0 0 0 0
007258 0 164 393 0 0 0 0
000786 0 335 500 0 0 0 0
000635 0 375 500 0 0 0 0
009852 0 375 500 0 0 0 0
004149 0 375 500 0 0 0 0
009571 0 333 500 0 0 0 0
001362 0 500 333 0 0 0 0
008608 0 333 500 0 0 0 0
003866 0 338 500 0 0 0 0
009496 0 333 500 0 0 0 0
005970 0 500 333 0 0 0 0
003585 0 500 333 0 0 0 0
004954 0 500 450 0 0 0 0
005908 0 375 500 0 0 0 0
007095 0 375 500 0 0 0 0
002272 0 375 500 0 0 0 0
009877 0 500 333 0 0 0 0
002632 0 352 288 0 0 0 0
007637 0 375 500 0 0 0 0
007046 0 500 375 0 0 0 0
008475 0 375 500 0 0 0 0
005852 0 500 333 0 0 0 0
003913 0 375 500 0 0 0 0
001091 0 375 500 0 0 0 0
000066 0 375 500 0 0 0 0
006071 0 332 500 0 0 0 0
002086 0 375 500 0 0 0 0
004013 0 423 500 0 0 0 0
005975 0 333 500 0 0 0 0
005522 0 375 500 0 0 0 0
002277 0 500 383 0 0 0 0
006488 0 425 500 0 0 0 0
003924 0 500 375 0 0 0 0
008913 0 375 500 0 0 0 0
007025 0 375 500 0 0 0 0
003028 0 334 500 0 0 0 0
006305 0 375 500 0 0 0 0
001426 0 500 333 0 0 0 0
001675 0 333 500 0 0 0 0
006841 0 316 500 0 0 0 0
007649 0 375 500 0 0 0 0
002603 0 375 500 0 0 0 0
002237 0 375 500 0 0 0 0
007798 0 500 375 0 0 0 0
001147 0 333 500 0 0 0 0
007223 0 333 500 0 0 0 0
005713 0 334 500 0 0 0 0
001101 0 333 500 0 0 0 0
009681 0 375 500 0 0 0 0
005630 0 288 352 0 0 0 0
006909 0 375 500 0 0 0 0
000433 0 370 500 0 0 0 0
000971 0 375 500 0 0 0 0
005541 0 375 500 0 0 0 0
007537 0 333 500 0 0 0 0
005246 0 387 500 0 0 0 0
004644 0 333 500 0 0 0 0
009016 0 500 375 0 0 0 0
008920 0 375 500 0 0 0 0
006576 0 500 375 0 0 0 0
003605 0 386 500 0 0 0 0
003184 0 375 500 0 0 0 0
008749 0 375 500 0 0 0 0
008587 0 375 500 0 0 0 0
000171 0 500 375 0 0 0 0
009666 0 500 375 0 0 0 0
007129 0 397 500 0 0 0 0
008452 0 369 500 0 0 0 0
003783 0 500 375 0 0 0 0
001928 0 500 500 0 0 0 0
007104 0 500 375 0 0 0 0
005814 0 375 500 0 0 0 0
009168 0 333 500 0 0 0 0
009887 0 374 500 0 0 0 0
002480 0 375 500 0 0 0 0
008553 0 335 500 0 0 0 0
003945 0 334 500 0 0 0 0
009281 0 375 500 0 0 0 0
002448 0 480 412 0 0 0 0
008900 0 375 500 0 0 0 0
006219 0 375 500 0 0 0 0
008874 0 375 500 0 0 0 0
007105 0 333 500 0 0 0 0
000709 0 377 500 0 0 0 0
005841 0 500 301 0 0 0 0
002896 0 500 375 0 0 0 0
008346 0 500 291 0 0 0 0
004039 0 500 375 0 0 0 0
006190 0 312 500 0 0 0 0
005223 0 375 500 0 0 0 0
006911 0 480 441 0 0 0 0
004509 0 500 333 0 0 0 0
008533 0 425 500 0 0 0 0
003254 0 375 500 0 0 0 0
007411 0 432 500 0 0 0 0
007050 0 333 500 0 0 0 0
001287 0 401 500 0 0 0 0
001436 0 335 500 0 0 0 0
008141 0 375 500 0 0 0 0
002114 0 375 500 0 0 0 0
008519 0 375 500 0 0 0 0
001250 0 288 432 0 0 0 0
009758 0 332 500 0 0 0 0
006442 0 500 348 0 0 0 0
005764 0 500 375 0 0 0 0
006184 0 385 500 0 0 0 0
006976 0 500 375 0 0 0 0
008083 0 300 400 0 0 0 0
004232 0 263 500 0 0 0 0
003396 0 344 500 0 0 0 0
004339 0 500 332 0 0 0 0
001406 0 375 500 0 0 0 0
001230 0 399 500 0 0 0 0
009144 0 357 500 0 0 0 0
005497 0 500 334 0 0 0 0
004936 0 375 500 0 0 0 0
002611 0 375 500 0 0 0 0
005190 0 375 500 0 0 0 0
009295 0 375 500 0 0 0 0
008944 0 500 444 0 0 0 0
005710 0 333 500 0 0 0 0
003818 0 335 500 0 0 0 0
000443 0 464 500 0 0 0 0
003525 0 375 500 0 0 0 0
008667 0 336 500 0 0 0 0
000528 0 375 500 0 0 0 0
000980 0 333 500 0 0 0 0
004164 0 375 500 0 0 0 0
001450 0 331 500 0 0 0 0
000867 0 500 375 0 0 0 0
002539 0 333 500 0 0 0 0
001166 0 375 500 0 0 0 0
003435 0 334 500 0 0 0 0
006981 0 375 500 0 0 0 0
003890 0 500 374 0 0 0 0
007878 0 500 375 0 0 0 0
003979 0 333 500 0 0 0 0
007139 0 366 500 0 0 0 0
009679 0 240 320 0 0 0 0
003308 0 500 375 0 0 0 0
007909 0 210 270 0 0 0 0
006249 0 371 414 0 0 0 0
002287 0 375 500 0 0 0 0
001041 0 375 500 0 0 0 0
003258 0 333 500 0 0 0 0
007150 0 375 500 0 0 0 0
004331 0 375 500 0 0 0 0
000854 0 375 500 0 0 0 0
004376 0 374 500 0 0 0 0
000633 0 375 500 0 0 0 0
002815 0 500 333 0 0 0 0
009068 0 375 500 0 0 0 0
004138 0 480 320 0 0 0 0
002706 0 333 500 0 0 0 0
003793 0 500 375 0 0 0 0
003797 0 414 500 0 0 0 0
004310 0 333 500 0 0 0 0
001365 0 331 500 0 0 0 0
006989 0 375 500 0 0 0 0
009177 0 375 500 0 0 0 0
005079 0 375 500 0 0 0 0
001548 0 375 500 0 0 0 0
005992 0 375 500 0 0 0 0
006108 0 353 500 0 0 0 0
008837 0 377 500 0 0 0 0
006437 0 332 500 0 0 0 0
000740 0 375 500 0 0 0 0
002468 0 358 500 0 0 0 0
004746 0 335 500 0 0 0 0
005780 0 375 500 0 0 0 0
005790 0 333 500 0 0 0 0
004135 0 333 500 0 0 0 0
007416 0 349 500 0 0 0 0
009039 0 375 500 0 0 0 0
007920 0 500 375 0 0 0 0
009464 0 375 500 0 0 0 0
005146 0 303 500 0 0 0 0
009939 0 375 500 0 0 0 0
002163 0 375 500 0 0 0 0
002835 0 272 500 0 0 0 0
001106 0 375 500 0 0 0 0
006269 0 375 500 0 0 0 0
001027 0 375 500 0 0 0 0
008410 0 375 500 0 0 0 0
003465 0 375 500 0 0 0 0
001288 0 342 500 0 0 0 0
003550 0 500 333 0 0 0 0
006761 0 375 500 0 0 0 0
008905 0 375 500 0 0 0 0
008582 0 348 500 0 0 0 0
008100 0 375 500 0 0 0 0
009278 0 375 500 0 0 0 0
002218 0 327 500 0 0 0 0
008175 0 375 500 0 0 0 0
008442 0 375 500 0 0 0 0
004298 0 375 500 0 0 0 0
005258 0 375 500 0 0 0 0
008890 0 500 375 0 0 0 0
003404 0 375 500 0 0 0 0
007558 0 334 500 0 0 0 0
009141 0 375 500 0 0 0 0
006185 0 375 500 0 0 0 0
002024 0 375 500 0 0 0 0
007619 0 333 500 0 0 0 0
009721 0 500 375 0 0 0 0
003654 0 500 375 0 0 0 0
007639 0 500 375 0 0 0 0
005730 0 333 500 0 0 0 0
003407 0 375 500 0 0 0 0
004117 0 348 480 0 0 0 0
005177 0 500 377 0 0 0 0
006886 0 254 500 0 0 0 0
008067 0 375 500 0 0 0 0
004826 0 375 500 0 0 0 0
006562 0 247 500 0 0 0 0
001526 0 298 500 0 0 0 0
008284 0 375 500 0 0 0 0
008285 0 375 500 0 0 0 0
007568 0 375 500 0 0 0 0
000394 0 375 500 0 0 0 0
004907 0 333 500 0 0 0 0
009833 0 375 500 0 0 0 0
003827 0 330 500 0 0 0 0
001727 0 318 480 0 0 0 0
006026 0 375 500 0 0 0 0
002924 0 322 500 0 0 0 0
002938 0 321 500 0 0 0 0
009421 0 375 500 0 0 0 0
003748 0 375 500 0 0 0 0
001544 0 375 500 0 0 0 0
002392 0 375 500 0 0 0 0
003450 0 388 500 0 0 0 0
009636 0 500 375 0 0 0 0
005687 0 333 500 0 0 0 0
008962 0 375 500 0 0 0 0
006550 0 333 500 0 0 0 0
005995 0 335 500 0 0 0 0
007480 0 305 500 0 0 0 0
004200 0 270 375 0 0 0 0
005740 0 333 500 0 0 0 0
000791 0 332 500 0 0 0 0
002956 0 375 500 0 0 0 0
000720 0 333 500 0 0 0 0
000035 0 375 500 0 0 0 0
004315 0 500 335 0 0 0 0
001346 0 229 500 0 0 0 0
001310 0 375 500 0 0 0 0
007530 0 500 378 0 0 0 0
008492 0 324 500 0 0 0 0
003380 0 375 500 0 0 0 0
005517 0 333 500 0 0 0 0
008103 0 374 500 0 0 0 0
003625 0 332 500 0 0 0 0
000564 0 333 500 0 0 0 0
003941 0 375 500 0 0 0 0
007773 0 334 500 0 0 0 0
004675 0 190 500 0 0 0 0
008999 0 375 500 0 0 0 0
000427 0 334 500 0 0 0 0
003335 0 375 500 0 0 0 0
000275 0 480 476 0 0 0 0
009153 0 500 375 0 0 0 0
002099 0 375 500 0 0 0 0
003749 0 375 500 0 0 0 0
003740 0 375 500 0 0 0 0
006366 0 384 500 0 0 0 0
000352 0 375 500 0 0 0 0
001144 0 333 500 0 0 0 0
008509 0 338 500 0 0 0 0
006840 0 333 500 0 0 0 0
006759 0 375 500 0 0 0 0
001501 0 374 500 0 0 0 0
002727 0 333 500 0 0 0 0
001842 0 379 500 0 0 0 0
008390 0 500 375 0 0 0 0
003090 0 345 500 0 0 0 0
002889 0 333 500 0 0 0 0
000450 0 500 375 0 0 0 0
005383 0 326 500 0 0 0 0
004246 0 375 500 0 0 0 0
009375 0 500 375 0 0 0 0
006869 0 375 500 0 0 0 0
009881 0 339 500 0 0 0 0
005336 0 500 429 0 0 0 0
006813 0 291 500 0 0 0 0
004397 0 500 377 0 0 0 0
006474 0 333 500 0 0 0 0
001378 0 500 383 0 0 0 0
001855 0 375 500 0 0 0 0
002901 0 375 500 0 0 0 0
009649 0 375 500 0 0 0 0
001233 0 500 333 0 0 0 0
009437 0 375 500 0 0 0 0
004131 0 333 500 0 0 0 0
005879 0 500 375 0 0 0 0
000150 0 333 500 0 0 0 0
001214 0 375 500 0 0 0 0
002912 0 500 375 0 0 0 0
000173 0 480 394 0 0 0 0
009242 0 375 500 0 0 0 0
009543 0 375 500 0 0 0 0
008730 0 375 500 0 0 0 0
009955 0 500 500 0 0 0 0
000285 0 375 500 0 0 0 0
006583 0 324 500 0 0 0 0
000729 0 500 375 0 0 0 0
004999 0 375 500 0 0 0 0
004326 0 349 500 0 0 0 0
009519 0 500 375 0 0 0 0
005191 0 375 500 0 0 0 0
002494 0 375 500 0 0 0 0
009195 0 500 377 0 0 0 0
003303 0 500 332 0 0 0 0
005928 0 375 500 0 0 0 0
005658 0 500 375 0 0 0 0
009418 0 333 500 0 0 0 0
008494 0 375 500 0 0 0 0
002784 0 500 333 0 0 0 0
003510 0 375 500 0 0 0 0
008759 0 375 500 0 0 0 0
000428 0 414 500 0 0 0 0
003966 0 500 375 0 0 0 0
007308 0 480 389 0 0 0 0
005911 0 375 500 0 0 0 0
003727 0 500 333 0 0 0 0
006806 0 375 500 0 0 0 0
004818 0 400 500 0 0 0 0
003015 0 375 500 0 0 0 0
004495 0 375 500 0 0 0 0
004943 0 333 500 0 0 0 0
002891 0 360 500 0 0 0 0
005991 0 500 375 0 0 0 0
007840 0 500 333 0 0 0 0
003564 0 335 500 0 0 0 0
008702 0 375 500 0 0 0 0
007519 0 375 500 0 0 0 0
000756 0 500 365 0 0 0 0
007833 0 332 500 0 0 0 0
007018 0 357 500 0 0 0 0
005131 0 375 500 0 0 0 0
007897 0 324 500 0 0 0 0
000113 0 332 500 0 0 0 0
002030 0 375 500 0 0 0 0
003660 0 500 375 0 0 0 0
009227 0 333 500 0 0 0 0
000770 0 375 500 0 0 0 0
004958 0 333 500 0 0 0 0
005668 0 375 500 0 0 0 0
006971 0 333 500 0 0 0 0
000625 0 375 500 0 0 0 0
003102 0 500 333 0 0 0 0
000514 0 375 500 0 0 0 0
008116 0 375 500 0 0 0 0
001536 0 375 500 0 0 0 0
006159 0 500 375 0 0 0 0
006860 0 333 500 0 0 0 0
007735 0 333 500 0 0 0 0
000868 0 375 500 0 0 0 0
005603 0 333 500 0 0 0 0
004474 0 375 500 0 0 0 0
003150 0 375 500 0 0 0 0
003669 0 375 500 0 0 0 0
003577 0 375 500 0 0 0 0
004868 0 375 500 0 0 0 0
001234 0 500 260 0 0 0 0
001104 0 334 500 0 0 0 0
006722 0 375 500 0 0 0 0
001832 0 375 500 0 0 0 0
000774 0 313 500 0 0 0 0
001460 0 333 500 0 0 0 0
001254 0 332 500 0 0 0 0
005417 0 375 500 0 0 0 0
002112 0 500 375 0 0 0 0
000550 0 375 500 0 0 0 0
005293 0 500 375 0 0 0 0
002989 0 333 500 0 0 0 0
008849 0 375 500 0 0 0 0
007351 0 375 500 0 0 0 0
007853 0 467 500 0 0 0 0
001726 0 375 500 0 0 0 0
006023 0 375 500 0 0 0 0
001053 0 500 323 0 0 0 0
005828 0 291 500 0 0 0 0
008756 0 375 500 0 0 0 0
004380 0 500 333 0 0 0 0
003290 0 332 500 0 0 0 0
003343 0 375 500 0 0 0 0
000831 0 500 335 0 0 0 0
006825 0 333 500 0 0 0 0
008318 0 375 500 0 0 0 0
000656 0 333 500 0 0 0 0
008772 0 375 500 0 0 0 0
001981 0 375 500 0 0 0 0
003422 0 375 500 0 0 0 0
002382 0 240 360 0 0 0 0
008699 0 375 500 0 0 0 0
005582 0 375 500 0 0 0 0
007857 0 369 500 0 0 0 0
001945 0 480 318 0 0 0 0
004782 0 334 500 0 0 0 0
002636 0 375 500 0 0 0 0
005379 0 334 500 0 0 0 0
004514 0 375 500 0 0 0 0
003350 0 334 500 0 0 0 0
007854 0 500 301 0 0 0 0
009349 0 500 375 0 0 0 0
005124 0 324 500 0 0 0 0
004773 0 500 375 0 0 0 0
001470 0 375 500 0 0 0 0
002969 0 375 500 0 0 0 0
009412 0 375 500 0 0 0 0
007172 0 336 500 0 0 0 0
001174 0 375 500 0 0 0 0
005445 0 500 375 0 0 0 0
001904 0 335 500 0 0 0 0
008930 0 500 375 0 0 0 0
001517 0 375 500 0 0 0 0
009309 0 375 500 0 0 0 0
008307 0 367 480 0 0 0 0
006198 0 375 500 0 0 0 0
004341 0 375 500 0 0 0 0
002124 0 333 500 0 0 0 0
007812 0 375 500 0 0 0 0
002366 0 375 500 0 0 0 0
005863 0 375 500 0 0 0 0
000796 0 375 500 0 0 0 0
004017 0 375 500 0 0 0 0
003784 0 500 328 0 0 0 0
005248 0 375 500 0 0 0 0
005917 0 375 500 0 0 0 0
009577 0 375 500 0 0 0 0
007772 0 375 500 0 0 0 0
006499 0 333 500 0 0 0 0
004190 0 375 500 0 0 0 0
004269 0 332 500 0 0 0 0
001691 0 375 500 0 0 0 0
008180 0 500 333 0 0 0 0
002491 0 500 375 0 0 0 0
000093 0 339 500 0 0 0 0
003443 0 375 500 0 0 0 0
007343 0 394 500 0 0 0 0
000278 0 375 500 0 0 0 0
004102 0 375 500 0 0 0 0
001050 0 375 500 0 0 0 0
009692 0 375 500 0 0 0 0
001350 0 375 500 0 0 0 0
008880 0 375 500 0 0 0 0
006924 0 500 334 0 0 0 0
007244 0 375 500 0 0 0 0
006212 0 373 500 0 0 0 0
009035 0 500 333 0 0 0 0
009880 0 500 375 0 0 0 0
004879 0 330 500 0 0 0 0
002273 0 212 320 0 0 0 0
005954 0 500 375 0 0 0 0
001072 0 386 500 0 0 0 0
001480 0 376 500 0 0 0 0
005328 0 375 500 0 0 0 0
003648 0 375 500 0 0 0 0
001756 0 500 375 0 0 0 0
003098 0 352 500 0 0 0 0
003161 0 328 500 0 0 0 0
005465 0 375 500 0 0 0 0
004866 0 375 500 0 0 0 0
000537 0 400 500 0 0 0 0
003017 0 311 500 0 0 0 0
001586 0 398 480 0 0 0 0
006835 0 375 500 0 0 0 0
003497 0 335 500 0 0 0 0
001612 0 333 500 0 0 0 0
004622 0 500 375 0 0 0 0
005467 0 375 500 0 0 0 0
001843 0 375 500 0 0 0 0
008806 0 375 500 0 0 0 0
005431 0 375 500 0 0 0 0
003064 0 500 375 0 0 0 0
003186 0 332 500 0 0 0 0
003164 0 375 500 0 0 0 0
001274 0 500 375 0 0 0 0
008043 0 288 292 0 0 0 0
002354 0 375 500 0 0 0 0
009772 0 500 375 0 0 0 0
004814 0 333 500 0 0 0 0
002939 0 375 500 0 0 0 0
005674 0 480 360 0 0 0 0
005320 0 375 500 0 0 0 0
004347 0 333 500 0 0 0 0
009465 0 346 393 0 0 0 0
003808 0 333 500 0 0 0 0
009780 0 334 500 0 0 0 0
007810 0 500 375 0 0 0 0
007212 0 333 500 0 0 0 0
004432 0 500 500 0 0 0 0
007976 0 375 500 0 0 0 0
004723 0 375 500 0 0 0 0
003521 0 375 500 0 0 0 0
005224 0 375 500 0 0 0 0
003565 0 375 500 0 0 0 0
004370 0 333 500 0 0 0 0
004530 0 375 500 0 0 0 0
007585 0 500 500 0 0 0 0
009484 0 375 500 0 0 0 0
000926 0 500 375 0 0 0 0
007146 0 374 500 0 0 0 0
007177 0 500 333 0 0 0 0
005527 0 500 375 0 0 0 0
004338 0 333 500 0 0 0 0
004623 0 378 500 0 0 0 0
002975 0 285 500 0 0 0 0
006704 0 375 500 0 0 0 0
003549 0 278 370 0 0 0 0
006319 0 375 500 0 0 0 0
002747 0 375 500 0 0 0 0
001397 0 500 333 0 0 0 0
002932 0 500 375 0 0 0 0
006849 0 375 500 0 0 0 0
000117 0 333 500 0 0 0 0
001205 0 335 500 0 0 0 0
002637 0 375 500 0 0 0 0
006643 0 375 500 0 0 0 0
003658 0 341 500 0 0 0 0
009334 0 375 500 0 0 0 0
001018 0 375 500 0 0 0 0
003458 0 500 328 0 0 0 0
005185 0 375 500 0 0 0 0
006353 0 375 500 0 0 0 0
006595 0 334 500 0 0 0 0
009245 0 375 500 0 0 0 0
005004 0 333 500 0 0 0 0
005859 0 375 500 0 0 0 0
008075 0 375 500 0 0 0 0
003996 0 375 500 0 0 0 0
004075 0 500 375 0 0 0 0
002433 0 375 500 0 0 0 0
004867 0 333 500 0 0 0 0
006958 0 500 333 0 0 0 0
004897 0 333 500 0 0 0 0
009865 0 334 500 0 0 0 0
006027 0 344 500 0 0 0 0
005395 0 375 500 0 0 0 0
003594 0 482 500 0 0 0 0
001565 0 332 500 0 0 0 0
005877 0 333 500 0 0 0 0
009499 0 500 339 0 0 0 0
002738 0 281 500 0 0 0 0
003273 0 500 375 0 0 0 0
008422 0 375 500 0 0 0 0
008885 0 500 395 0 0 0 0
009918 0 333 500 0 0 0 0
000965 0 500 375 0 0 0 0
001582 0 375 500 0 0 0 0
004390 0 333 500 0 0 0 0
000738 0 332 500 0 0 0 0
000540 0 335 500 0 0 0 0
007289 0 333 500 0 0 0 0
001512 0 333 500 0 0 0 0
007629 0 375 500 0 0 0 0
002450 0 423 500 0 0 0 0
007803 0 375 500 0 0 0 0
006878 0 375 500 0 0 0 0
009917 0 375 500 0 0 0 0
001045 0 500 375 0 0 0 0
007006 0 375 500 0 0 0 0
004140 0 375 500 0 0 0 0
000244 0 333 500 0 0 0 0
003508 0 500 333 0 0 0 0
004535 0 445 480 0 0 0 0
004916 0 333 500 0 0 0 0
007421 0 500 375 0 0 0 0
000503 0 375 500 0 0 0 0
005599 0 500 347 0 0 0 0
006842 0 375 500 0 0 0 0
008150 0 333 500 0 0 0 0
008833 0 375 500 0 0 0 0
004631 0 500 375 0 0 0 0
009868 0 500 333 0 0 0 0
008823 0 333 500 0 0 0 0
008053 0 500 244 0 0 0 0
001418 0 480 405 0 0 0 0
003694 0 333 500 0 0 0 0
006202 0 375 500 0 0 0 0
002880 0 500 455 0 0 0 0
007123 0 335 500 0 0 0 0
001797 0 375 500 0 0 0 0
008235 0 333 500 0 0 0 0
004229 0 375 500 0 0 0 0
000951 0 375 500 0 0 0 0
005389 0 244 432 0 0 0 0
004012 0 500 375 0 0 0 0
007886 0 466 500 0 0 0 0
009022 0 375 500 0 0 0 0
003667 0 500 448 0 0 0 0
000530 0 500 332 0 0 0 0
009393 0 372 500 0 0 0 0
006236 0 500 375 0 0 0 0
004133 0 334 500 0 0 0 0
009609 0 335 500 0 0 0 0
009858 0 375 500 0 0 0 0
003516 0 333 500 0 0 0 0
008293 0 500 333 0 0 0 0
007457 0 333 500 0 0 0 0
004259 0 375 500 0 0 0 0
003122 0 375 500 0 0 0 0
006475 0 500 361 0 0 0 0
009051 0 375 500 0 0 0 0
007222 0 339 500 0 0 0 0
004066 0 375 500 0 0 0 0
004369 0 375 500 0 0 0 0
005292 0 376 500 0 0 0 0
002006 0 375 500 0 0 0 0
006140 0 333 500 0 0 0 0
006786 0 375 500 0 0 0 0
009851 0 375 500 0 0 0 0
008024 0 375 500 0 0 0 0
008341 0 333 500 0 0 0 0
005451 0 500 375 0 0 0 0
007624 0 375 500 0 0 0 0
006344 0 335 500 0 0 0 0
008755 0 333 500 0 0 0 0
006123 0 375 500 0 0 0 0
004518 0 375 500 0 0 0 0
001854 0 499 333 0 0 0 0
003548 0 375 500 0 0 0 0
002061 0 375 500 0 0 0 0
004984 0 375 500 0 0 0 0
001324 0 333 500 0 0 0 0
005961 0 500 375 0 0 0 0
000163 0 432 500 0 0 0 0
005189 0 405 500 0 0 0 0
003316 0 403 500 0 0 0 0
009157 0 375 500 0 0 0 0
007163 0 375 500 0 0 0 0
007631 0 375 500 0 0 0 0
007465 0 375 500 0 0 0 0
007543 0 375 500 0 0 0 0
002540 0 375 500 0 0 0 0
007148 0 333 500 0 0 0 0
000772 0 480 360 0 0 0 0
003202 0 375 500 0 0 0 0
003330 0 333 500 0 0 0 0
000209 0 375 500 0 0 0 0
002615 0 333 500 0 0 0 0
005414 0 333 500 0 0 0 0
008732 0 500 371 0 0 0 0
007461 0 375 500 0 0 0 0
002279 0 333 500 0 0 0 0
006238 0 333 500 0 0 0 0
000862 0 375 500 0 0 0 0
006530 0 375 500 0 0 0 0
006718 0 375 500 0 0 0 0
005424 0 500 326 0 0 0 0
007743 0 500 332 0 0 0 0
005579 0 375 500 0 0 0 0
004212 0 375 500 0 0 0 0
007953 0 500 333 0 0 0 0
002827 0 331 500 0 0 0 0
002741 0 333 500 0 0 0 0
001404 0 375 500 0 0 0 0
008248 0 375 500 0 0 0 0
009419 0 333 500 0 0 0 0
000123 0 375 500 0 0 0 0
007720 0 375 500 0 0 0 0
004990 0 375 500 0 0 0 0
005203 0 375 500 0 0 0 0
002047 0 375 500 0 0 0 0
003410 0 375 500 0 0 0 0
001577 0 375 500 0 0 0 0
001771 0 375 500 0 0 0 0
001441 0 376 500 0 0 0 0
007754 0 375 500 0 0 0 0
006995 0 375 500 0 0 0 0
008856 0 375 500 0 0 0 0
009656 0 375 500 0 0 0 0
005245 0 375 500 0 0 0 0
007872 0 333 500 0 0 0 0
001383 0 375 500 0 0 0 0
008888 0 375 500 0 0 0 0
004325 0 500 390 0 0 0 0
005542 0 375 500 0 0 0 0
008840 0 333 500 0 0 0 0
002140 0 500 375 0 0 0 0
003518 0 333 500 0 0 0 0
009613 0 500 375 0 0 0 0
003311 0 375 500 0 0 0 0
005186 0 375 500 0 0 0 0
007675 0 333 500 0 0 0 0
000577 0 333 500 0 0 0 0
007147 0 500 333 0 0 0 0
004372 0 332 500 0 0 0 0
009566 0 375 500 0 0 0 0
000322 0 332 500 0 0 0 0
001927 0 332 500 0 0 0 0
007618 0 500 375 0 0 0 0
005343 0 375 500 0 0 0 0
005736 0 333 500 0 0 0 0
004057 0 329 500 0 0 0 0
002838 0 321 500 0 0 0 0
003468 0 375 500 0 0 0 0
005573 0 375 500 0 0 0 0
006602 0 500 356 0 0 0 0
006443 0 350 500 0 0 0 0
003939 0 198 500 0 0 0 0
006864 0 334 500 0 0 0 0
001017 0 500 333 0 0 0 0
007813 0 375 500 0 0 0 0
009763 0 375 500 0 0 0 0
005077 0 375 500 0 0 0 0
008951 0 500 375 0 0 0 0
007570 0 332 500 0 0 0 0
003708 0 500 375 0 0 0 0
008687 0 375 500 0 0 0 0
003429 0 351 480 0 0 0 0
003688 0 333 500 0 0 0 0
005544 0 500 500 0 0 0 0
003082 0 407 500 0 0 0 0
004479 0 375 500 0 0 0 0
006066 0 333 500 0 0 0 0
003138 0 375 500 0 0 0 0
000102 0 375 500 0 0 0 0
009238 0 333 500 0 0 0 0
002931 0 375 500 0 0 0 0
005680 0 375 500 0 0 0 0
006899 0 500 496 0 0 0 0
009949 0 375 500 0 0 0 0
007336 0 500 375 0 0 0 0
007578 0 331 500 0 0 0 0
005563 0 375 500 0 0 0 0
008617 0 375 500 0 0 0 0
008140 0 375 500 0 0 0 0
003338 0 329 500 0 0 0 0
009443 0 500 367 0 0 0 0
004825 0 500 375 0 0 0 0
005176 0 375 500 0 0 0 0
004209 0 375 500 0 0 0 0
004466 0 375 500 0 0 0 0
009112 0 500 375 0 0 0 0
002558 0 375 500 0 0 0 0
000192 0 375 500 0 0 0 0
009923 0 333 500 0 0 0 0
007052 0 375 500 0 0 0 0
001272 0 414 500 0 0 0 0
007002 0 333 500 0 0 0 0
006069 0 500 500 0 0 0 0
001207 0 375 500 0 0 0 0
009208 0 333 500 0 0 0 0
002605 0 333 500 0 0 0 0
006617 0 332 500 0 0 0 0
002260 0 330 500 0 0 0 0
007899 0 500 375 0 0 0 0
007154 0 500 375 0 0 0 0
004673 0 333 500 0 0 0 0
002401 0 500 333 0 0 0 0
000954 0 332 500 0 0 0 0
006146 0 375 500 0 0 0 0
009961 0 374 500 0 0 0 0
002039 0 332 500 0 0 0 0
004424 0 500 375 0 0 0 0
008713 0 333 500 0 0 0 0
000826 0 478 500 0 0 0 0
000632 0 375 500 0 0 0 0
006299 0 375 500 0 0 0 0
008858 0 333 500 0 0 0 0
001325 0 379 500 0 0 0 0
009080 0 375 500 0 0 0 0
009389 0 375 500 0 0 0 0
002404 0 375 500 0 0 0 0
004421 0 500 375 0 0 0 0
000613 0 333 500 0 0 0 0
009655 0 500 375 0 0 0 0
003452 0 500 333 0 0 0 0
009303 0 99 500 0 0 0 0
002094 0 332 500 0 0 0 0
002004 0 500 375 0 0 0 0
006262 0 332 500 0 0 0 0
005648 0 500 334 0 0 0 0
002947 0 500 375 0 0 0 0
009605 0 375 500 0 0 0 0
002477 0 375 500 0 0 0 0
003645 0 330 500 0 0 0 0
005045 0 375 500 0 0 0 0
003169 0 375 500 0 0 0 0
002315 0 333 500 0 0 0 0
006548 0 375 500 0 0 0 0
009557 0 500 333 0 0 0 0
007680 0 375 500 0 0 0 0
005682 0 375 500 0 0 0 0
004307 0 332 500 0 0 0 0
007776 0 333 500 0 0 0 0
000039 0 375 500 0 0 0 0
001224 0 333 500 0 0 0 0
002689 0 375 500 0 0 0 0
008163 0 327 500 0 0 0 0
003118 0 333 500 0 0 0 0
008244 0 375 500 0 0 0 0
005968 0 333 500 0 0 0 0
005385 0 336 500 0 0 0 0
001627 0 500 375 0 0 0 0
007048 0 332 500 0 0 0 0
001225 0 500 387 0 0 0 0
002471 0 375 500 0 0 0 0
000816 0 500 500 0 0 0 0
000460 0 375 500 0 0 0 0
001481 0 375 500 0 0 0 0
005073 0 375 500 0 0 0 0
005086 0 375 500 0 0 0 0
002126 0 375 500 0 0 0 0
009105 0 375 500 0 0 0 0
005440 0 335 500 0 0 0 0
002051 0 500 333 0 0 0 0
006658 0 375 500 0 0 0 0
003911 0 293 500 0 0 0 0
008385 0 500 369 0 0 0 0
000089 0 374 500 0 0 0 0
001543 0 375 500 0 0 0 0
008364 0 322 500 0 0 0 0
002695 0 375 500 0 0 0 0
006549 0 500 375 0 0 0 0
006622 0 332 500 0 0 0 0
005453 0 333 500 0 0 0 0
001920 0 375 500 0 0 0 0
008926 0 413 500 0 0 0 0
006551 0 375 500 0 0 0 0
004405 0 500 333 0 0 0 0
001524 0 370 500 0 0 0 0
009800 0 460 500 0 0 0 0
000282 0 374 500 0 0 0 0
001015 0 333 500 0 0 0 0
001442 0 333 500 0 0 0 0
000107 0 375 500 0 0 0 0
005352 0 335 500 0 0 0 0
006839 0 375 500 0 0 0 0
002268 0 375 500 0 0 0 0
003567 0 331 500 0 0 0 0
001738 0 375 500 0 0 0 0
000104 0 333 500 0 0 0 0
002375 0 427 500 0 0 0 0
001332 0 500 375 0 0 0 0
005676 0 375 500 0 0 0 0
005769 0 394 500 0 0 0 0
006994 0 301 500 0 0 0 0
000077 0 333 500 0 0 0 0
006739 0 375 500 0 0 0 0
003004 0 375 500 0 0 0 0
008965 0 333 500 0 0 0 0
008370 0 500 417 0 0 0 0
007249 0 375 500 0 0 0 0
009289 0 333 500 0 0 0 0
002782 0 333 500 0 0 0 0
009005 0 375 500 0 0 0 0
002798 0 375 500 0 0 0 0
003376 0 375 500 0 0 0 0
006029 0 375 500 0 0 0 0
002330 0 357 500 0 0 0 0
003657 0 344 500 0 0 0 0
007685 0 375 500 0 0 0 0
003700 0 375 500 0 0 0 0
005521 0 375 500 0 0 0 0
009527 0 375 500 0 0 0 0
007035 0 375 500 0 0 0 0
000771 0 500 375 0 0 0 0
008427 0 333 500 0 0 0 0
009460 0 375 500 0 0 0 0
001799 0 392 500 0 0 0 0
000407 0 360 480 0 0 0 0
007991 0 375 500 0 0 0 0
004689 0 375 500 0 0 0 0
007189 0 375 500 0 0 0 0
005160 0 375 500 0 0 0 0
005702 0 500 333 0 0 0 0
008518 0 353 500 0 0 0 0
001312 0 375 500 0 0 0 0
005530 0 318 500 0 0 0 0
009809 0 334 500 0 0 0 0
009224 0 500 375 0 0 0 0
003509 0 500 375 0 0 0 0
007217 0 334 500 0 0 0 0
005222 0 333 500 0 0 0 0
006677 0 500 413 0 0 0 0
008443 0 382 500 0 0 0 0
009726 0 375 500 0 0 0 0
007121 0 500 375 0 0 0 0
001778 0 375 500 0 0 0 0
002384 0 375 500 0 0 0 0
003269 0 375 500 0 0 0 0
009528 0 375 500 0 0 0 0
000174 0 333 500 0 0 0 0
001724 0 315 275 0 0 0 0
004743 0 375 500 0 0 0 0
007579 0 375 500 0 0 0 0
004662 0 500 332 0 0 0 0
008430 0 333 500 0 0 0 0
002194 0 333 500 0 0 0 0
004792 0 500 375 0 0 0 0
000099 0 375 500 0 0 0 0
005346 0 330 500 0 0 0 0
005952 0 375 500 0 0 0 0
001717 0 404 500 0 0 0 0
001636 0 375 500 0 0 0 0
001142 0 375 500 0 0 0 0
009738 0 500 375 0 0 0 0
009481 0 375 500 0 0 0 0
000050 0 375 500 0 0 0 0
000164 0 375 500 0 0 0 0
007260 0 480 422 0 0 0 0
000885 0 456 500 0 0 0 0
002193 0 375 500 0 0 0 0
009202 0 480 460 0 0 0 0
009108 0 376 500 0 0 0 0
004685 0 500 333 0 0 0 0
004223 0 327 500 0 0 0 0
007511 0 375 500 0 0 0 0
006542 0 374 500 0 0 0 0
003356 0 375 500 0 0 0 0
005906 0 375 500 0 0 0 0
000379 0 375 500 0 0 0 0
009100 0 363 500 0 0 0 0
006943 0 375 500 0 0 0 0
003760 0 375 500 0 0 0 0
001337 0 480 318 0 0 0 0
009348 0 375 500 0 0 0 0
006363 0 500 335 0 0 0 0
002762 0 375 500 0 0 0 0
001107 0 332 500 0 0 0 0
001083 0 333 500 0 0 0 0
000859 0 333 500 0 0 0 0
005078 0 375 500 0 0 0 0
001522 0 375 500 0 0 0 0
002916 0 500 375 0 0 0 0
008645 0 330 500 0 0 0 0
003145 0 375 500 0 0 0 0
009490 0 500 375 0 0 0 0
006304 0 333 500 0 0 0 0
005056 0 372 288 0 0 0 0
001499 0 375 500 0 0 0 0
000042 0 335 500 0 0 0 0
009373 0 375 500 0 0 0 0
009085 0 333 500 0 0 0 0
005327 0 375 500 0 0 0 0
002519 0 375 500 0 0 0 0
001265 0 500 327 0 0 0 0
006945 0 500 333 0 0 0 0
003374 0 359 480 0 0 0 0
004555 0 333 500 0 0 0 0
001273 0 500 440 0 0 0 0
007864 0 333 500 0 0 0 0
003120 0 375 500 0 0 0 0
000923 0 375 500 0 0 0 0
004537 0 388 500 0 0 0 0
002514 0 333 500 0 0 0 0
002208 0 375 500 0 0 0 0
008086 0 333 500 0 0 0 0
009192 0 375 500 0 0 0 0
002261 0 332 500 0 0 0 0
008069 0 375 500 0 0 0 0
009218 0 500 375 0 0 0 0
003430 0 375 500 0 0 0 0
005664 0 375 500 0 0 0 0
004679 0 375 500 0 0 0 0
000332 0 333 500 0 0 0 0
004283 0 500 375 0 0 0 0
000582 0 500 375 0 0 0 0
002886 0 375 500 0 0 0 0
003580 0 500 398 0 0 0 0
002834 0 488 500 0 0 0 0
004839 0 500 332 0 0 0 0
000101 0 333 500 0 0 0 0
003300 0 375 500 0 0 0 0
002763 0 375 500 0 0 0 0
004224 0 375 500 0 0 0 0
009944 0 331 500 0 0 0 0
004323 0 500 332 0 0 0 0
002760 0 333 500 0 0 0 0
000843 0 333 500 0 0 0 0
007318 0 375 500 0 0 0 0
001011 0 375 500 0 0 0 0
009836 0 333 500 0 0 0 0
005779 0 332 500 0 0 0 0
001872 0 375 500 0 0 0 0
008523 0 333 500 0 0 0 0
000381 0 500 375 0 0 0 0
007523 0 332 500 0 0 0 0
002547 0 375 500 0 0 0 0
002749 0 375 500 0 0 0 0
005052 0 500 325 0 0 0 0
004137 0 375 500 0 0 0 0
000032 0 281 500 0 0 0 0
000242 0 333 500 0 0 0 0
005878 0 332 500 0 0 0 0
004093 0 333 500 0 0 0 0
005981 0 375 500 0 0 0 0
000110 0 375 500 0 0 0 0
006866 0 392 480 0 0 0 0
004171 0 500 446 0 0 0 0
005039 0 375 500 0 0 0 0
001782 0 429 500 0 0 0 0
000782 0 500 330 0 0 0 0
001514 0 333 500 0 0 0 0
003061 0 333 500 0 0 0 0
008355 0 378 500 0 0 0 0
002088 0 332 500 0 0 0 0
009468 0 229 320 0 0 0 0
001345 0 375 500 0 0 0 0
000165 0 386 500 0 0 0 0
004761 0 500 375 0 0 0 0
005601 0 382 500 0 0 0 0
006802 0 350 500 0 0 0 0
006605 0 375 500 0 0 0 0
008199 0 375 500 0 0 0 0
004364 0 332 500 0 0 0 0
007439 0 333 500 0 0 0 0
004776 0 375 500 0 0 0 0
000382 0 500 375 0 0 0 0
006740 0 375 500 0 0 0 0
008327 0 333 500 0 0 0 0
005960 0 375 500 0 0 0 0
008456 0 333 500 0 0 0 0
000525 0 331 500 0 0 0 0
008752 0 334 500 0 0 0 0
007746 0 375 500 0 0 0 0
001014 0 375 500 0 0 0 0
000321 0 500 333 0 0 0 0
000249 0 333 500 0 0 0 0
005590 0 316 500 0 0 0 0
001847 0 370 500 0 0 0 0
003470 0 500 333 0 0 0 0
005714 0 375 500 0 0 0 0
006628 0 375 500 0 0 0 0
003994 0 375 500 0 0 0 0
000950 0 331 500 0 0 0 0
006956 0 375 500 0 0 0 0
008204 0 374 500 0 0 0 0
009754 0 375 500 0 0 0 0
005912 0 333 500 0 0 0 0
007359 0 375 500 0 0 0 0
002068 0 335 500 0 0 0 0
008584 0 500 340 0 0 0 0
002565 0 375 500 0 0 0 0
002520 0 332 500 0 0 0 0
005418 0 375 500 0 0 0 0
008177 0 375 500 0 0 0 0
005910 0 335 500 0 0 0 0
005396 0 475 500 0 0 0 0
008927 0 375 500 0 0 0 0
008085 0 282 500 0 0 0 0
008384 0 335 500 0 0 0 0
005653 0 375 500 0 0 0 0
007128 0 500 375 0 0 0 0
001825 0 375 500 0 0 0 0
005121 0 333 500 0 0 0 0
006751 0 317 500 0 0 0 0
004972 0 500 393 0 0 0 0
001528 0 500 383 0 0 0 0
005388 0 500 375 0 0 0 0
005625 0 375 500 0 0 0 0
005773 0 497 434 0 0 0 0
005644 0 375 500 0 0 0 0
008335 0 334 500 0 0 0 0
008967 0 333 500 0 0 0 0
003528 0 375 500 0 0 0 0
002710 0 331 500 0 0 0 0
009087 0 375 500 0 0 0 0
000078 0 419 500 0 0 0 0
006966 0 500 375 0 0 0 0
007162 0 375 500 0 0 0 0
009562 0 500 357 0 0 0 0
009567 0 375 500 0 0 0 0
009099 0 375 500 0 0 0 0
002096 0 500 334 0 0 0 0
000266 0 500 375 0 0 0 0
001758 0 500 374 0 0 0 0
006468 0 375 500 0 0 0 0
009466 0 450 500 0 0 0 0
009855 0 325 500 0 0 0 0
003781 0 375 500 0 0 0 0
002774 0 375 500 0 0 0 0
001289 0 309 500 0 0 0 0
004528 0 500 310 0 0 0 0
002751 0 375 500 0 0 0 0
005631 0 500 375 0 0 0 0
001231 0 375 500 0 0 0 0
001677 0 375 500 0 0 0 0
001074 0 285 500 0 0 0 0
009330 0 375 500 0 0 0 0
000052 0 333 500 0 0 0 0
004929 0 375 500 0 0 0 0
002069 0 375 500 0 0 0 0
005138 0 445 500 0 0 0 0
006020 0 375 500 0 0 0 0
002142 0 333 500 0 0 0 0
003354 0 331 500 0 0 0 0
008269 0 335 500 0 0 0 0
000380 0 333 500 0 0 0 0
003537 0 291 500 0 0 0 0
009707 0 281 500 0 0 0 0
007016 0 375 500 0 0 0 0
000498 0 500 326 0 0 0 0
005947 0 333 500 0 0 0 0
000565 0 375 500 0 0 0 0
009094 0 375 500 0 0 0 0
000048 0 500 375 0 0 0 0
005244 0 375 500 0 0 0 0
003837 0 500 375 0 0 0 0
005326 0 376 500 0 0 0 0
001443 0 374 500 0 0 0 0
000270 0 323 500 0 0 0 0
002054 0 414 500 0 0 0 0
000257 0 375 500 0 0 0 0
006919 0 375 500 0 0 0 0
001545 0 375 500 0 0 0 0
007702 0 375 500 0 0 0 0
007088 0 333 500 0 0 0 0
007795 0 375 500 0 0 0 0
001690 0 332 500 0 0 0 0
004966 0 326 500 0 0 0 0
006768 0 500 482 0 0 0 0
006392 0 214 320 0 0 0 0
009325 0 375 500 0 0 0 0
008701 0 375 500 0 0 0 0
000061 0 333 500 0 0 0 0
000408 0 500 375 0 0 0 0
006645 0 500 332 0 0 0 0
009526 0 500 375 0 0 0 0
005824 0 359 500 0 0 0 0
006679 0 375 500 0 0 0 0
000917 0 360 480 0 0 0 0
002151 0 500 375 0 0 0 0
000363 0 333 500 0 0 0 0
003011 0 375 500 0 0 0 0
000822 0 374 500 0 0 0 0
007939 0 500 375 0 0 0 0
006910 0 335 500 0 0 0 0
005441 0 375 500 0 0 0 0
003877 0 375 500 0 0 0 0
002796 0 500 332 0 0 0 0
007398 0 283 500 0 0 0 0
009129 0 333 500 0 0 0 0
009459 0 353 500 0 0 0 0
001580 0 375 500 0 0 0 0
002320 0 335 500 0 0 0 0
009761 0 500 375 0 0 0 0
006506 0 332 500 0 0 0 0
007227 0 500 296 0 0 0 0
008426 0 398 500 0 0 0 0
000685 0 375 500 0 0 0 0
007394 0 333 500 0 0 0 0
000739 0 374 500 0 0 0 0
003791 0 375 500 0 0 0 0
009789 0 351 500 0 0 0 0
008415 0 349 500 0 0 0 0
006234 0 375 500 0 0 0 0
005856 0 375 500 0 0 0 0
005136 0 375 500 0 0 0 0
000133 0 500 447 0 0 0 0
002986 0 375 500 0 0 0 0
001260 0 375 500 0 0 0 0
007072 0 375 500 0 0 0 0
001286 0 331 500 0 0 0 0
001750 0 333 500 0 0 0 0
008236 0 375 500 0 0 0 0
001892 0 375 500 0 0 0 0
009712 0 375 500 0 0 0 0
006355 0 375 500 0 0 0 0
004349 0 376 500 0 0 0 0
006291 0 374 500 0 0 0 0
006289 0 500 497 0 0 0 0
002361 0 500 375 0 0 0 0
006519 0 375 500 0 0 0 0
005094 0 375 500 0 0 0 0
001849 0 375 500 0 0 0 0
005539 0 351 500 0 0 0 0
001515 0 500 409 0 0 0 0
004587 0 500 333 0 0 0 0
008757 0 375 500 0 0 0 0
003377 0 500 375 0 0 0 0
001708 0 369 500 0 0 0 0
008229 0 375 500 0 0 0 0
003556 0 500 357 0 0 0 0
001002 0 500 375 0 0 0 0
001140 0 500 375 0 0 0 0
008742 0 500 334 0 0 0 0
002251 0 375 500 0 0 0 0
004256 0 323 500 0 0 0 0
009691 0 333 500 0 0 0 0
006638 0 400 500 0 0 0 0
008299 0 404 304 0 0 0 0
000908 0 375 500 0 0 0 0
000063 0 375 500 0 0 0 0
003360 0 500 333 0 0 0 0
008790 0 327 500 0 0 0 0
001906 0 301 500 0 0 0 0
002337 0 333 500 0 0 0 0
009748 0 374 500 0 0 0 0
002555 0 375 500 0 0 0 0
003453 0 375 500 0 0 0 0
007477 0 500 431 0 0 0 0
001209 0 375 500 0 0 0 0
001894 0 375 500 0 0 0 0
007696 0 375 500 0 0 0 0
002659 0 375 500 0 0 0 0
005029 0 335 500 0 0 0 0
003855 0 375 500 0 0 0 0
006708 0 375 500 0 0 0 0
000828 0 500 375 0 0 0 0
007612 0 500 375 0 0 0 0
006065 0 375 500 0 0 0 0
009020 0 332 500 0 0 0 0
000305 0 500 333 0 0 0 0
007039 0 375 500 0 0 0 0
001467 0 375 500 0 0 0 0
000714 0 335 500 0 0 0 0
007204 0 240 320 0 0 0 0
004113 0 375 500 0 0 0 0
007559 0 500 375 0 0 0 0
002117 0 500 375 0 0 0 0
003194 0 333 500 0 0 0 0
001785 0 333 500 0 0 0 0
001841 0 500 375 0 0 0 0
007841 0 375 500 0 0 0 0
006444 0 375 500 0 0 0 0
004201 0 375 500 0 0 0 0
008322 0 375 500 0 0 0 0
005344 0 500 334 0 0 0 0
000232 0 375 500 0 0 0 0
007677 0 357 500 0 0 0 0
009382 0 500 333 0 0 0 0
003684 0 500 375 0 0 0 0
000667 0 500 434 0 0 0 0
008709 0 375 500 0 0 0 0
007234 0 214 320 0 0 0 0
003078 0 500 500 0 0 0 0
005101 0 500 375 0 0 0 0
007954 0 334 500 0 0 0 0
000374 0 375 500 0 0 0 0
007454 0 375 500 0 0 0 0
009764 0 375 500 0 0 0 0
001603 0 333 500 0 0 0 0
008936 0 375 500 0 0 0 0
002350 0 500 375 0 0 0 0
008628 0 500 375 0 0 0 0
002714 0 375 500 0 0 0 0
007065 0 333 500 0 0 0 0
008872 0 270 360 0 0 0 0
001509 0 500 315 0 0 0 0
002627 0 500 375 0 0 0 0
001315 0 400 300 0 0 0 0
002104 0 332 500 0 0 0 0
002064 0 375 500 0 0 0 0
005940 0 374 500 0 0 0 0
004789 0 332 500 0 0 0 0
001405 0 500 332 0 0 0 0
005765 0 375 500 0 0 0 0
004694 0 500 252 0 0 0 0
005325 0 375 500 0 0 0 0
005728 0 322 500 0 0 0 0
009193 0 375 500 0 0 0 0
003792 0 338 500 0 0 0 0
008813 0 375 500 0 0 0 0
006162 0 333 500 0 0 0 0
004051 0 403 480 0 0 0 0
004706 0 357 500 0 0 0 0
003992 0 334 500 0 0 0 0
008061 0 375 500 0 0 0 0
009946 0 375 500 0 0 0 0
006933 0 332 500 0 0 0 0
000918 0 500 333 0 0 0 0
002593 0 375 500 0 0 0 0
000880 0 369 500 0 0 0 0
003301 0 333 500 0 0 0 0
004992 0 375 500 0 0 0 0
000717 0 375 500 0 0 0 0
002995 0 500 408 0 0 0 0
000847 0 500 375 0 0 0 0
007431 0 417 500 0 0 0 0
005378 0 374 500 0 0 0 0
006532 0 375 500 0 0 0 0
005454 0 375 500 0 0 0 0
003646 0 375 500 0 0 0 0
009024 0 500 332 0 0 0 0
004754 0 500 375 0 0 0 0
009197 0 376 500 0 0 0 0
005448 0 331 500 0 0 0 0
004204 0 375 500 0 0 0 0
006012 0 375 500 0 0 0 0
004910 0 500 333 0 0 0 0
008513 0 375 500 0 0 0 0
007298 0 333 500 0 0 0 0
005269 0 395 500 0 0 0 0
008692 0 333 500 0 0 0 0
003204 0 375 500 0 0 0 0
002881 0 500 500 0 0 0 0
008819 0 500 375 0 0 0 0
008738 0 333 500 0 0 0 0
002186 0 375 500 0 0 0 0
001062 0 500 375 0 0 0 0
004500 0 360 480 0 0 0 0
002737 0 335 500 0 0 0 0
003752 0 375 500 0 0 0 0
002049 0 315 500 0 0 0 0
004628 0 333 500 0 0 0 0
008534 0 387 500 0 0 0 0
001989 0 375 500 0 0 0 0
007323 0 500 228 0 0 0 0
002934 0 500 393 0 0 0 0
002579 0 500 384 0 0 0 0
006462 0 500 375 0 0 0 0
008063 0 375 500 0 0 0 0
008556 0 333 500 0 0 0 0
004069 0 375 500 0 0 0 0
000046 0 500 332 0 0 0 0
003946 0 500 333 0 0 0 0
002191 0 375 500 0 0 0 0
004333 0 375 500 0 0 0 0
004654 0 357 500 0 0 0 0
001725 0 500 375 0 0 0 0
006084 0 375 500 0 0 0 0
003031 0 375 500 0 0 0 0
003100 0 375 400 0 0 0 0
004215 0 375 500 0 0 0 0
007236 0 332 500 0 0 0 0
002109 0 300 400 0 0 0 0
008653 0 500 333 0 0 0 0
004241 0 375 500 0 0 0 0
007250 0 333 500 0 0 0 0
000899 0 333 500 0 0 0 0
002977 0 374 500 0 0 0 0
002893 0 375 500 0 0 0 0
001529 0 375 500 0 0 0 0
003189 0 500 458 0 0 0 0
001834 0 334 500 0 0 0 0
002427 0 240 320 0 0 0 0
005345 0 500 375 0 0 0 0
002855 0 375 500 0 0 0 0
002564 0 333 500 0 0 0 0
002293 0 500 332 0 0 0 0
004296 0 500 375 0 0 0 0
009472 0 333 500 0 0 0 0
004389 0 500 327 0 0 0 0
003451 0 333 500 0 0 0 0
007117 0 376 500 0 0 0 0
002265 0 500 333 0 0 0 0
006674 0 500 332 0 0 0 0
006755 0 375 500 0 0 0 0
003628 0 333 500 0 0 0 0
008607 0 375 500 0 0 0 0
003814 0 374 500 0 0 0 0
