2481
008188 1 305 500 54 44 230 419
005584 1 375 500 192 334 127 154
009406 1 283 500 20 19 246 470
006396 1 170 500 99 1 27 26
002197 1 375 500 131 335 78 165
008892 1 375 500 251 372 109 128
002248 1 375 500 2 65 299 435
008391 1 309 500 46 5 261 492
001937 1 500 375 211 11 222 321
004488 1 375 500 241 271 26 48
005047 1 252 500 1 3 243 497
008001 1 353 500 96 52 186 406
004828 1 483 500 171 139 220 307
005536 1 343 500 116 43 205 383
005868 1 375 500 134 19 190 469
003713 1 375 500 204 80 67 60
001371 1 375 500 216 291 46 69
005199 1 375 500 215 22 129 459
006900 1 375 500 82 327 103 138
001237 1 375 500 156 115 57 151
008784 1 262 500 131 324 39 58
004830 1 333 500 110 104 102 314
009254 1 333 500 212 331 31 70
009699 1 375 500 39 262 62 149
008517 1 333 500 2 1 331 344
008549 1 333 500 29 99 280 341
009774 1 400 500 65 453 51 47
006497 1 375 500 64 97 57 119
005806 1 375 500 75 125 79 64
009121 1 333 500 148 427 100 73
009283 1 375 500 245 1 125 106
009932 1 500 375 324 68 174 216
005071 1 375 500 164 65 23 56
001258 1 375 500 92 101 195 322
004367 1 375 500 51 109 324 391
006375 1 375 500 160 28 146 168
005457 1 346 500 123 64 151 323
000320 1 500 375 1 228 28 45
000855 1 500 375 408 41 22 23
009596 1 331 500 47 118 17 19
009358 1 375 500 297 330 41 71
000554 1 375 500 73 91 38 88
003711 1 396 500 278 132 51 34
003806 1 282 500 27 85 234 348
004303 1 281 500 127 389 18 46
003835 1 375 500 276 7 24 38
001494 1 375 500 243 122 128 199
007964 1 333 500 118 52 127 355
000474 1 375 500 157 53 202 395
009913 1 375 500 82 40 179 407
002779 1 331 500 126 284 117 156
003083 1 500 375 455 344 25 31
008739 1 500 333 366 202 123 131
003634 1 281 500 105 46 90 154
000605 1 375 500 175 321 17 65
004983 1 500 338 1 1 81 316
002776 1 332 500 218 239 32 63
004494 1 332 500 16 2 53 115
008019 1 318 480 164 381 154 99
005072 1 333 500 78 4 221 452
008484 1 375 500 1 1 314 406
000020 1 500 375 148 33 268 338
002373 1 332 500 1 284 9 55
004805 1 333 500 59 43 70 209
002355 1 375 500 137 18 177 470
005839 1 500 487 113 2 137 122
000620 1 344 500 182 114 127 189
006868 1 375 500 193 52 66 116
009822 1 375 500 196 372 128 128
000373 1 500 333 343 19 110 300
007261 1 500 377 288 196 191 181
007283 1 375 500 50 236 26 68
004145 1 375 500 163 169 60 55
002563 1 334 500 247 372 34 49
006133 1 333 500 102 1 79 156
001330 1 375 500 164 167 146 175
002116 1 375 500 41 177 31 81
006988 1 333 500 66 62 241 325
000159 1 333 500 16 1 317 497
002559 1 375 500 64 103 229 350
007167 1 375 500 107 51 199 449
008360 1 375 500 157 396 46 30
009733 1 333 500 4 75 315 404
001532 1 340 425 186 187 21 45
002393 1 334 500 49 111 272 389
007779 1 375 500 247 305 48 82
004087 1 375 500 29 1 346 411
002682 1 375 500 151 168 128 162
005897 1 370 500 246 251 97 201
001386 1 375 500 90 484 23 16
009424 1 375 500 103 50 226 372
002625 1 375 500 294 42 19 46
005423 1 500 375 139 61 186 258
006632 1 375 500 256 300 109 172
002281 1 238 500 30 1 183 386
007905 1 374 500 87 15 243 481
009106 1 375 500 105 1 235 355
007691 1 375 500 85 270 236 230
008550 1 375 500 40 371 79 88
007614 1 375 500 40 24 291 435
009409 1 375 500 201 89 44 112
000263 1 500 375 224 19 99 336
001384 1 375 500 89 259 53 74
000367 1 375 500 184 430 45 70
003359 1 382 500 37 342 192 158
000338 1 333 500 73 82 130 302
009045 1 375 500 82 1 293 499
008197 1 335 500 177 336 30 30
007490 1 375 500 211 104 67 160
007843 1 480 500 306 49 144 422
005169 1 500 375 58 220 34 44
004384 1 375 500 109 154 266 346
004365 1 374 500 78 57 204 427
003397 1 375 500 168 15 153 243
000431 1 375 500 316 85 24 40
004581 1 333 500 94 15 184 462
009434 1 333 500 82 16 219 466
002182 1 333 500 121 15 131 423
007525 1 400 500 185 134 152 270
009644 1 332 500 78 36 225 445
003256 1 375 500 86 157 68 170
007427 1 375 500 208 269 76 44
002247 1 500 375 259 9 192 366
003987 1 500 333 379 2 120 278
003214 1 375 500 143 230 77 266
002544 1 375 500 61 286 36 76
005588 1 375 500 223 150 88 116
000937 1 375 500 36 46 241 397
002436 1 375 500 149 452 50 48
002504 1 374 500 310 98 17 41
002833 1 333 500 41 63 289 435
004108 1 333 500 127 5 200 488
008665 1 333 500 15 57 310 395
005350 1 333 500 140 85 109 315
000303 1 377 500 39 15 241 485
000251 1 500 453 440 362 60 91
006103 1 375 500 308 2 63 65
004073 1 375 500 208 403 26 62
000688 1 317 500 42 8 275 492
000334 1 302 500 110 37 68 236
003013 1 375 500 117 85 174 347
009029 1 500 333 46 49 101 231
001559 1 480 360 175 146 51 37
003390 1 375 500 116 147 224 256
006009 1 333 500 118 134 117 164
006783 1 500 333 221 144 33 50
007383 1 375 500 207 403 34 70
005899 1 500 500 1 1 148 141
008359 1 375 500 36 21 307 343
003891 1 500 332 284 5 111 327
004961 1 333 500 80 18 225 479
000469 1 375 500 28 16 287 438
003313 1 333 500 106 181 101 245
001561 1 375 500 159 47 33 54
001488 1 333 500 152 254 52 131
001980 1 375 500 181 17 86 118
000543 1 375 500 87 298 156 202
001148 1 375 500 167 222 20 26
004576 1 333 500 68 385 69 112
004539 1 375 500 240 268 29 40
009879 1 375 500 164 398 63 100
007424 1 333 500 61 90 209 361
005003 1 375 500 161 188 31 63
009848 1 360 480 1 374 28 103
003809 1 333 500 128 107 146 378
005791 1 375 500 44 1 112 73
004691 1 375 500 1 33 19 38
004244 1 375 500 180 97 193 403
000396 1 375 500 170 86 89 267
000220 1 375 500 114 427 53 73
008794 1 375 500 96 81 216 419
006459 1 375 500 142 375 34 58
009900 1 500 375 40 36 460 339
007819 1 208 500 110 32 21 61
002566 1 375 500 181 34 26 70
008098 1 375 500 163 360 51 126
008397 1 375 500 354 199 21 95
006346 1 374 500 230 1 68 208
003973 1 375 500 284 204 56 152
007468 1 375 500 1 3 358 490
003054 1 375 500 142 398 43 61
005209 1 333 500 75 82 224 334
002647 1 333 500 174 221 38 85
000871 1 375 500 114 8 178 483
008315 1 375 500 234 454 38 46
004719 1 333 500 150 353 112 147
006097 1 333 500 77 1 204 453
000590 1 337 500 109 199 227 301
007601 1 375 500 91 2 90 48
005489 1 333 500 71 409 23 55
003484 1 333 500 65 49 258 442
006417 1 375 500 82 283 151 216
008680 1 375 500 202 275 46 79
002178 1 375 500 136 100 184 360
008169 1 375 500 174 11 52 80
009116 1 375 500 172 9 183 447
006225 1 375 500 82 86 210 377
009213 1 375 500 204 308 83 118
007284 1 333 500 72 78 135 307
000091 1 375 500 250 91 24 35
006038 1 332 500 220 176 37 80
000404 1 333 500 89 133 232 261
001414 1 375 500 64 40 249 418
009350 1 500 345 289 8 186 328
006011 1 375 500 95 210 69 136
007721 1 374 500 172 36 99 254
009515 1 270 360 176 115 22 29
003032 1 375 500 240 1 91 142
001472 1 375 500 78 249 25 63
005749 1 375 500 131 49 166 434
009959 1 375 500 142 192 45 138
006290 1 375 500 191 466 79 34
003636 1 375 500 232 356 24 50
001409 1 333 500 74 226 166 238
000494 1 500 375 58 1 400 368
005318 1 375 500 37 109 254 312
008466 1 333 500 121 212 109 230
002493 1 375 500 203 27 172 287
006124 1 375 500 103 31 200 421
002411 1 375 500 163 129 96 171
008268 1 334 500 129 1 115 157
003228 1 333 500 104 305 79 89
009058 1 375 500 1 1 286 483
007363 1 317 500 98 32 166 387
008909 1 375 500 61 22 247 464
009000 1 375 500 1 23 45 137
008329 1 333 500 141 54 92 315
003655 1 500 375 51 2 449 363
007285 1 500 375 43 2 457 373
009186 1 375 500 216 1 30 61
000420 1 375 500 29 78 318 397
005956 1 363 500 96 338 121 162
008079 1 335 500 137 48 61 111
006035 1 281 500 251 151 23 74
009729 1 333 500 61 104 198 269
000628 1 392 500 281 1 53 76
003007 1 332 500 2 29 294 471
005782 1 333 500 93 54 133 357
004439 1 334 500 255 435 28 65
005305 1 500 375 358 74 104 192
006654 1 333 500 8 1 132 156
003053 1 333 500 210 458 27 33
002135 1 500 375 139 332 102 43
004011 1 333 500 97 87 170 328
001492 1 334 500 158 1 31 42
008572 1 375 500 61 34 259 423
008060 1 375 500 126 5 226 495
007294 1 312 500 172 270 80 91
001281 1 333 500 121 169 113 225
006421 1 333 500 158 59 40 99
007004 1 375 500 197 160 25 39
004519 1 375 500 110 92 131 316
003997 1 322 500 110 171 152 276
000509 1 375 500 2 1 373 467
000289 1 333 500 99 49 132 288
005159 1 375 500 212 19 29 46
005020 1 375 500 181 270 53 166
000180 1 375 500 110 14 246 482
004346 1 375 500 259 438 63 62
008296 1 333 500 103 52 221 448
007058 1 409 500 152 1 248 471
006330 1 375 500 306 12 16 28
000156 1 375 500 103 432 41 64
002854 1 333 500 175 3 156 497
002534 1 333 500 157 226 40 55
009620 1 375 500 283 58 46 61
004890 1 380 500 97 56 216 398
003606 1 375 500 76 276 205 224
004973 1 375 500 149 281 91 127
007736 1 375 500 178 150 26 38
008848 1 378 500 232 270 105 149
001576 1 375 500 172 51 108 407
008978 1 375 500 146 212 212 279
004779 1 375 500 203 114 88 170
000829 1 375 500 1 355 19 30
007667 1 375 500 333 458 20 36
007709 1 375 500 59 202 39 91
008087 1 333 500 133 73 147 385
000911 1 324 500 147 1 172 109
005483 1 285 450 150 1 107 88
005156 1 375 500 111 8 128 158
005640 1 500 375 188 107 83 138
008031 1 375 500 82 15 221 468
009614 1 375 500 156 149 54 54
004604 1 375 500 52 2 136 170
000515 1 375 500 167 147 33 39
009006 1 334 500 176 285 35 58
000355 1 333 500 36 22 257 405
004793 1 375 500 132 28 240 267
001334 1 375 500 97 4 22 64
007971 1 333 500 1 1 332 499
000860 1 353 500 85 81 207 347
009845 1 375 500 204 404 37 71
009830 1 375 500 18 43 297 358
009671 1 375 500 202 192 53 141
008279 1 500 350 211 24 32 36
007950 1 375 500 310 37 26 45
007090 1 375 500 203 75 162 246
001445 1 375 500 204 1 134 219
000906 1 375 500 162 423 97 77
000233 1 375 500 2 1 191 450
001604 1 375 500 88 245 252 255
003596 1 375 500 72 233 24 53
007279 1 281 500 237 55 35 100
001057 1 335 500 38 6 297 347
008524 1 290 400 1 7 33 69
003195 1 333 500 227 327 42 147
005747 1 259 500 13 6 246 487
008727 1 500 375 249 3 251 372
009269 1 496 500 167 100 160 304
007003 1 375 500 256 196 107 117
009064 1 375 500 41 1 161 154
008562 1 375 500 184 12 29 46
009286 1 332 500 96 1 232 499
007422 1 333 500 135 116 149 282
005566 1 375 500 1 441 36 59
000318 1 331 500 81 201 62 100
003117 1 333 500 52 152 258 287
007374 1 375 500 207 42 57 90
006203 1 500 327 366 46 92 229
003231 1 500 375 270 38 96 129
003461 1 333 500 43 10 81 61
008057 1 333 500 119 61 105 317
005609 1 383 500 29 1 114 69
008891 1 333 500 102 150 134 312
009810 1 333 500 61 23 198 445
000317 1 354 500 151 118 70 289
003009 1 494 500 294 135 69 251
004687 1 375 500 100 442 61 58
000406 1 375 500 285 54 28 60
008044 1 336 500 204 240 43 152
004429 1 374 500 118 11 218 485
009863 1 375 500 164 37 169 364
009163 1 320 500 112 2 57 27
006325 1 458 500 277 276 76 87
006931 1 500 333 186 287 33 46
009920 1 500 334 213 9 206 312
001294 1 375 500 161 93 18 30
003344 1 333 500 89 473 27 27
001622 1 500 375 247 1 171 148
003051 1 333 500 82 30 125 253
007931 1 375 500 92 414 159 86
006277 1 375 500 70 65 252 382
002244 1 333 500 233 144 33 57
004136 1 375 500 29 311 15 33
007790 1 375 500 1 188 52 79
007745 1 375 500 39 43 298 444
002478 1 375 500 250 280 85 203
003331 1 333 500 121 422 32 58
001780 1 333 500 26 1 140 118
009898 1 333 500 3 3 328 495
001931 1 333 500 114 44 174 445
007133 1 500 375 135 20 57 147
008174 1 333 500 1 41 319 459
006196 1 375 500 1 68 372 432
005756 1 375 500 167 40 136 423
007314 0 375 500 0 0 0 0
000411 0 320 240 0 0 0 0
007600 0 333 500 0 0 0 0
001963 0 375 500 0 0 0 0
005073 0 375 500 0 0 0 0
004471 0 500 281 0 0 0 0
008140 0 375 500 0 0 0 0
004801 0 333 500 0 0 0 0
004057 0 329 500 0 0 0 0
008068 0 374 500 0 0 0 0
001911 0 333 500 0 0 0 0
006647 0 375 500 0 0 0 0
008442 0 375 500 0 0 0 0
001732 0 332 500 0 0 0 0
005398 0 375 500 0 0 0 0
009738 0 500 375 0 0 0 0
007920 0 500 375 0 0 0 0
002939 0 375 500 0 0 0 0
002146 0 500 375 0 0 0 0
005961 0 500 375 0 0 0 0
007059 0 375 500 0 0 0 0
002815 0 500 333 0 0 0 0
008282 0 375 500 0 0 0 0
006570 0 375 500 0 0 0 0
004579 0 372 500 0 0 0 0
006803 0 500 400 0 0 0 0
002277 0 500 383 0 0 0 0
006300 0 375 500 0 0 0 0
005773 0 497 434 0 0 0 0
001168 0 375 500 0 0 0 0
004325 0 500 390 0 0 0 0
008495 0 357 500 0 0 0 0
003301 0 333 500 0 0 0 0
006648 0 334 500 0 0 0 0
000048 0 500 375 0 0 0 0
009772 0 500 375 0 0 0 0
002633 0 500 332 0 0 0 0
001161 0 375 500 0 0 0 0
003116 0 400 500 0 0 0 0
004033 0 342 500 0 0 0 0
004997 0 334 500 0 0 0 0
000464 0 500 375 0 0 0 0
008885 0 500 395 0 0 0 0
001451 0 334 500 0 0 0 0
002775 0 500 375 0 0 0 0
004626 0 333 500 0 0 0 0
002984 0 330 500 0 0 0 0
003895 0 332 500 0 0 0 0
005257 0 333 500 0 0 0 0
007530 0 500 378 0 0 0 0
003846 0 333 500 0 0 0 0
005084 0 375 500 0 0 0 0
004625 0 375 500 0 0 0 0
002879 0 375 500 0 0 0 0
000501 0 500 389 0 0 0 0
006305 0 375 500 0 0 0 0
008112 0 298 500 0 0 0 0
001588 0 333 500 0 0 0 0
007323 0 500 228 0 0 0 0
005355 0 375 500 0 0 0 0
002567 0 375 500 0 0 0 0
000454 0 297 500 0 0 0 0
001326 0 375 500 0 0 0 0
009159 0 375 500 0 0 0 0
008262 0 375 500 0 0 0 0
005687 0 333 500 0 0 0 0
000500 0 375 500 0 0 0 0
002801 0 375 500 0 0 0 0
005539 0 351 500 0 0 0 0
008235 0 333 500 0 0 0 0
002960 0 333 500 0 0 0 0
002513 0 375 500 0 0 0 0
002598 0 500 333 0 0 0 0
004003 0 375 500 0 0 0 0
008386 0 375 500 0 0 0 0
009732 0 447 480 0 0 0 0
001450 0 331 500 0 0 0 0
006619 0 333 500 0 0 0 0
008530 0 333 500 0 0 0 0
004679 0 375 500 0 0 0 0
004542 0 376 500 0 0 0 0
009389 0 375 500 0 0 0 0
007565 0 375 500 0 0 0 0
004322 0 500 333 0 0 0 0
000774 0 313 500 0 0 0 0
001541 0 332 500 0 0 0 0
000830 0 375 500 0 0 0 0
003089 0 333 500 0 0 0 0
003648 0 375 500 0 0 0 0
002367 0 375 500 0 0 0 0
002213 0 380 464 0 0 0 0
009819 0 375 500 0 0 0 0
009331 0 375 500 0 0 0 0
005222 0 333 500 0 0 0 0
006833 0 375 500 0 0 0 0
004369 0 375 500 0 0 0 0
004685 0 500 333 0 0 0 0
006534 0 280 400 0 0 0 0
008106 0 500 375 0 0 0 0
006956 0 375 500 0 0 0 0
004852 0 375 500 0 0 0 0
009797 0 333 500 0 0 0 0
000322 0 332 500 0 0 0 0
006444 0 375 500 0 0 0 0
006610 0 375 500 0 0 0 0
006689 0 374 500 0 0 0 0
008166 0 333 500 0 0 0 0
002845 0 500 375 0 0 0 0
005054 0 500 334 0 0 0 0
001872 0 375 500 0 0 0 0
002749 0 375 500 0 0 0 0
008847 0 361 500 0 0 0 0
003031 0 375 500 0 0 0 0
001191 0 375 500 0 0 0 0
005063 0 500 375 0 0 0 0
004701 0 375 500 0 0 0 0
009615 0 333 500 0 0 0 0
004796 0 375 500 0 0 0 0
004834 0 480 387 0 0 0 0
008995 0 500 156 0 0 0 0
002547 0 375 500 0 0 0 0
006131 0 375 500 0 0 0 0
008409 0 375 500 0 0 0 0
005764 0 500 375 0 0 0 0
002064 0 375 500 0 0 0 0
003499 0 375 500 0 0 0 0
001555 0 375 500 0 0 0 0
006825 0 333 500 0 0 0 0
004520 0 478 500 0 0 0 0
002238 0 327 500 0 0 0 0
002145 0 500 340 0 0 0 0
001675 0 333 500 0 0 0 0
002219 0 375 500 0 0 0 0
007241 0 375 500 0 0 0 0
007940 0 375 500 0 0 0 0
005229 0 375 500 0 0 0 0
001174 0 375 500 0 0 0 0
000848 0 334 500 0 0 0 0
005245 0 375 500 0 0 0 0
009196 0 375 500 0 0 0 0
003126 0 375 500 0 0 0 0
005608 0 500 375 0 0 0 0
005114 0 322 500 0 0 0 0
002766 0 375 500 0 0 0 0
009496 0 333 500 0 0 0 0
008229 0 375 500 0 0 0 0
006136 0 332 500 0 0 0 0
008653 0 500 333 0 0 0 0
006437 0 332 500 0 0 0 0
001544 0 375 500 0 0 0 0
006468 0 375 500 0 0 0 0
005085 0 500 355 0 0 0 0
003433 0 500 375 0 0 0 0
005524 0 500 334 0 0 0 0
001903 0 333 500 0 0 0 0
000726 0 333 500 0 0 0 0
003307 0 299 338 0 0 0 0
002838 0 321 500 0 0 0 0
003837 0 500 375 0 0 0 0
001073 0 375 500 0 0 0 0
005735 0 375 500 0 0 0 0
008962 0 375 500 0 0 0 0
004259 0 375 500 0 0 0 0
006943 0 375 500 0 0 0 0
001565 0 332 500 0 0 0 0
007104 0 500 375 0 0 0 0
002186 0 375 500 0 0 0 0
008529 0 500 375 0 0 0 0
007215 0 333 500 0 0 0 0
003860 0 333 500 0 0 0 0
007373 0 375 500 0 0 0 0
007568 0 375 500 0 0 0 0
001756 0 500 375 0 0 0 0
004239 0 500 333 0 0 0 0
004490 0 375 500 0 0 0 0
001855 0 375 500 0 0 0 0
002342 0 500 376 0 0 0 0
001685 0 375 500 0 0 0 0
006125 0 375 500 0 0 0 0
003847 0 375 500 0 0 0 0
003625 0 332 500 0 0 0 0
002345 0 500 375 0 0 0 0
009702 0 333 500 0 0 0 0
003356 0 375 500 0 0 0 0
008741 0 500 375 0 0 0 0
007491 0 375 500 0 0 0 0
006260 0 375 500 0 0 0 0
006337 0 333 500 0 0 0 0
005952 0 375 500 0 0 0 0
007129 0 397 500 0 0 0 0
000229 0 375 500 0 0 0 0
004714 0 375 500 0 0 0 0
004743 0 375 500 0 0 0 0
003003 0 375 500 0 0 0 0
002919 0 375 500 0 0 0 0
005455 0 293 383 0 0 0 0
004487 0 500 334 0 0 0 0
007678 0 314 500 0 0 0 0
008096 0 375 500 0 0 0 0
000695 0 375 500 0 0 0 0
005519 0 489 500 0 0 0 0
004689 0 375 500 0 0 0 0
007311 0 375 500 0 0 0 0
004133 0 334 500 0 0 0 0
006761 0 375 500 0 0 0 0
003023 0 500 381 0 0 0 0
001017 0 500 333 0 0 0 0
006424 0 375 500 0 0 0 0
005471 0 333 500 0 0 0 0
006229 0 375 500 0 0 0 0
000782 0 500 330 0 0 0 0
008424 0 500 333 0 0 0 0
000612 0 500 375 0 0 0 0
009565 0 375 500 0 0 0 0
004191 0 500 332 0 0 0 0
005631 0 500 375 0 0 0 0
008526 0 500 375 0 0 0 0
007976 0 375 500 0 0 0 0
007902 0 375 500 0 0 0 0
009337 0 349 500 0 0 0 0
005919 0 354 500 0 0 0 0
001041 0 375 500 0 0 0 0
003792 0 338 500 0 0 0 0
009580 0 333 500 0 0 0 0
007682 0 500 375 0 0 0 0
004013 0 423 500 0 0 0 0
006073 0 375 500 0 0 0 0
001269 0 333 500 0 0 0 0
009894 0 335 500 0 0 0 0
001387 0 500 375 0 0 0 0
009518 0 369 500 0 0 0 0
005230 0 374 500 0 0 0 0
008522 0 333 500 0 0 0 0
003696 0 332 500 0 0 0 0
006220 0 375 500 0 0 0 0
006520 0 500 325 0 0 0 0
004799 0 500 341 0 0 0 0
002233 0 500 273 0 0 0 0
004205 0 333 500 0 0 0 0
005573 0 375 500 0 0 0 0
007991 0 375 500 0 0 0 0
003857 0 500 375 0 0 0 0
005101 0 500 375 0 0 0 0
004075 0 500 375 0 0 0 0
003417 0 335 500 0 0 0 0
003106 0 375 500 0 0 0 0
006259 0 500 333 0 0 0 0
007791 0 375 500 0 0 0 0
007388 0 375 500 0 0 0 0
002954 0 375 500 0 0 0 0
007865 0 375 500 0 0 0 0
005061 0 375 500 0 0 0 0
007163 0 375 500 0 0 0 0
002058 0 333 500 0 0 0 0
007062 0 375 500 0 0 0 0
008582 0 348 500 0 0 0 0
008636 0 375 500 0 0 0 0
000929 0 375 500 0 0 0 0
009004 0 334 500 0 0 0 0
004782 0 334 500 0 0 0 0
007795 0 375 500 0 0 0 0
006842 0 375 500 0 0 0 0
005418 0 375 500 0 0 0 0
005369 0 375 500 0 0 0 0
007863 0 375 500 0 0 0 0
007263 0 375 500 0 0 0 0
006953 0 375 500 0 0 0 0
008713 0 333 500 0 0 0 0
005860 0 333 500 0 0 0 0
006215 0 500 375 0 0 0 0
008332 0 375 500 0 0 0 0
005389 0 244 432 0 0 0 0
000347 0 357 466 0 0 0 0
003421 0 500 375 0 0 0 0
005267 0 335 500 0 0 0 0
003890 0 500 374 0 0 0 0
001680 0 500 375 0 0 0 0
004457 0 375 500 0 0 0 0
004307 0 332 500 0 0 0 0
006765 0 500 376 0 0 0 0
001766 0 375 500 0 0 0 0
009497 0 375 500 0 0 0 0
005637 0 332 500 0 0 0 0
002810 0 325 500 0 0 0 0
007097 0 288 500 0 0 0 0
003085 0 376 500 0 0 0 0
002763 0 375 500 0 0 0 0
007234 0 214 320 0 0 0 0
007697 0 500 332 0 0 0 0
002751 0 375 500 0 0 0 0
006285 0 332 500 0 0 0 0
005414 0 333 500 0 0 0 0
007219 0 500 375 0 0 0 0
009881 0 339 500 0 0 0 0
005006 0 500 375 0 0 0 0
000847 0 500 375 0 0 0 0
007025 0 375 500 0 0 0 0
004017 0 375 500 0 0 0 0
004622 0 500 375 0 0 0 0
000767 0 375 500 0 0 0 0
003074 0 333 500 0 0 0 0
001457 0 375 500 0 0 0 0
002659 0 375 500 0 0 0 0
003207 0 333 500 0 0 0 0
003694 0 333 500 0 0 0 0
009958 0 333 500 0 0 0 0
003100 0 375 400 0 0 0 0
002512 0 375 500 0 0 0 0
008931 0 374 500 0 0 0 0
003422 0 375 500 0 0 0 0
005990 0 375 500 0 0 0 0
000486 0 500 375 0 0 0 0
005176 0 375 500 0 0 0 0
002315 0 333 500 0 0 0 0
006638 0 400 500 0 0 0 0
008644 0 350 500 0 0 0 0
005434 0 320 212 0 0 0 0
007954 0 334 500 0 0 0 0
003529 0 333 500 0 0 0 0
009746 0 375 500 0 0 0 0
000999 0 500 375 0 0 0 0
005467 0 375 500 0 0 0 0
005383 0 326 500 0 0 0 0
002867 0 500 374 0 0 0 0
006627 0 333 500 0 0 0 0
007144 0 375 500 0 0 0 0
004537 0 388 500 0 0 0 0
009678 0 371 500 0 0 0 0
001725 0 500 375 0 0 0 0
000044 0 333 500 0 0 0 0
000709 0 377 500 0 0 0 0
000424 0 325 500 0 0 0 0
007666 0 375 500 0 0 0 0
008293 0 500 333 0 0 0 0
008815 0 375 500 0 0 0 0
002938 0 321 500 0 0 0 0
004221 0 375 500 0 0 0 0
004196 0 336 500 0 0 0 0
004379 0 375 500 0 0 0 0
008043 0 288 292 0 0 0 0
005131 0 375 500 0 0 0 0
002641 0 375 500 0 0 0 0
000321 0 500 333 0 0 0 0
000312 0 335 500 0 0 0 0
002520 0 332 500 0 0 0 0
008854 0 333 500 0 0 0 0
004012 0 500 375 0 0 0 0
009113 0 375 500 0 0 0 0
002958 0 333 500 0 0 0 0
003760 0 375 500 0 0 0 0
007618 0 500 375 0 0 0 0
009407 0 480 432 0 0 0 0
008753 0 437 500 0 0 0 0
009218 0 500 375 0 0 0 0
009668 0 375 500 0 0 0 0
000224 0 375 500 0 0 0 0
008618 0 331 500 0 0 0 0
009270 0 335 500 0 0 0 0
004832 0 471 474 0 0 0 0
000588 0 375 500 0 0 0 0
006475 0 500 361 0 0 0 0
000141 0 423 500 0 0 0 0
004283 0 500 375 0 0 0 0
004601 0 333 500 0 0 0 0
006398 0 375 500 0 0 0 0
000120 0 400 500 0 0 0 0
007748 0 500 332 0 0 0 0
007503 0 375 500 0 0 0 0
006291 0 374 500 0 0 0 0
008326 0 333 500 0 0 0 0
008769 0 373 500 0 0 0 0
007579 0 375 500 0 0 0 0
004812 0 362 500 0 0 0 0
005056 0 372 288 0 0 0 0
007454 0 375 500 0 0 0 0
003199 0 333 500 0 0 0 0
006463 0 333 500 0 0 0 0
001958 0 375 500 0 0 0 0
002519 0 375 500 0 0 0 0
006560 0 375 500 0 0 0 0
007511 0 375 500 0 0 0 0
006366 0 384 500 0 0 0 0
005648 0 500 334 0 0 0 0
002778 0 375 500 0 0 0 0
005786 0 333 500 0 0 0 0
002465 0 375 500 0 0 0 0
001265 0 500 327 0 0 0 0
003921 0 375 500 0 0 0 0
002104 0 332 500 0 0 0 0
003879 0 375 500 0 0 0 0
008989 0 375 500 0 0 0 0
006045 0 375 500 0 0 0 0
007947 0 333 500 0 0 0 0
007768 0 375 500 0 0 0 0
009576 0 375 500 0 0 0 0
001170 0 375 500 0 0 0 0
003869 0 333 500 0 0 0 0
004611 0 375 500 0 0 0 0
001234 0 500 260 0 0 0 0
001630 0 500 375 0 0 0 0
005579 0 375 500 0 0 0 0
000349 0 375 500 0 0 0 0
004361 0 375 500 0 0 0 0
005928 0 375 500 0 0 0 0
002627 0 500 375 0 0 0 0
009634 0 375 500 0 0 0 0
004039 0 500 375 0 0 0 0
006836 0 480 469 0 0 0 0
002714 0 375 500 0 0 0 0
003177 0 500 375 0 0 0 0
005875 0 375 500 0 0 0 0
000637 0 375 500 0 0 0 0
004839 0 500 332 0 0 0 0
000354 0 375 500 0 0 0 0
008823 0 333 500 0 0 0 0
003516 0 333 500 0 0 0 0
005655 0 375 500 0 0 0 0
009168 0 333 500 0 0 0 0
001501 0 374 500 0 0 0 0
003645 0 330 500 0 0 0 0
005920 0 375 500 0 0 0 0
002443 0 500 333 0 0 0 0
008177 0 375 500 0 0 0 0
006707 0 375 500 0 0 0 0
001171 0 331 500 0 0 0 0
000729 0 500 375 0 0 0 0
003932 0 500 375 0 0 0 0
008130 0 375 500 0 0 0 0
000635 0 375 500 0 0 0 0
000428 0 414 500 0 0 0 0
008138 0 333 500 0 0 0 0
001594 0 333 500 0 0 0 0
007834 0 500 371 0 0 0 0
006687 0 357 500 0 0 0 0
009288 0 319 213 0 0 0 0
007204 0 240 320 0 0 0 0
000218 0 333 500 0 0 0 0
005122 0 500 333 0 0 0 0
002095 0 383 293 0 0 0 0
005274 0 375 500 0 0 0 0
007211 0 375 500 0 0 0 0
004910 0 500 333 0 0 0 0
000225 0 333 500 0 0 0 0
000675 0 335 500 0 0 0 0
002952 0 375 500 0 0 0 0
004009 0 366 500 0 0 0 0
004280 0 500 333 0 0 0 0
007466 0 331 500 0 0 0 0
007489 0 395 500 0 0 0 0
002108 0 375 500 0 0 0 0
005963 0 375 500 0 0 0 0
006428 0 375 500 0 0 0 0
004953 0 358 500 0 0 0 0
002735 0 480 423 0 0 0 0
003337 0 375 500 0 0 0 0
004436 0 500 332 0 0 0 0
004699 0 378 500 0 0 0 0
008970 0 334 500 0 0 0 0
009479 0 500 375 0 0 0 0
002462 0 375 500 0 0 0 0
004035 0 375 500 0 0 0 0
009091 0 375 500 0 0 0 0
009573 0 337 500 0 0 0 0
002669 0 375 500 0 0 0 0
002423 0 361 500 0 0 0 0
006425 0 500 339 0 0 0 0
002722 0 375 500 0 0 0 0
007900 0 375 500 0 0 0 0
001971 0 375 500 0 0 0 0
008168 0 375 500 0 0 0 0
000878 0 333 500 0 0 0 0
008310 0 335 500 0 0 0 0
004902 0 375 500 0 0 0 0
008944 0 500 444 0 0 0 0
008817 0 375 500 0 0 0 0
003536 0 375 500 0 0 0 0
007909 0 210 270 0 0 0 0
001215 0 375 500 0 0 0 0
002990 0 375 500 0 0 0 0
007467 0 333 500 0 0 0 0
003154 0 375 500 0 0 0 0
007926 0 339 500 0 0 0 0
001650 0 333 500 0 0 0 0
004507 0 375 500 0 0 0 0
006219 0 375 500 0 0 0 0
004105 0 375 500 0 0 0 0
006714 0 500 375 0 0 0 0
004895 0 371 500 0 0 0 0
009422 0 334 500 0 0 0 0
003065 0 333 500 0 0 0 0
008355 0 378 500 0 0 0 0
006603 0 500 330 0 0 0 0
000170 0 375 500 0 0 0 0
003865 0 375 500 0 0 0 0
002267 0 333 500 0 0 0 0
000564 0 333 500 0 0 0 0
000117 0 333 500 0 0 0 0
002889 0 333 500 0 0 0 0
000133 0 500 447 0 0 0 0
006005 0 500 375 0 0 0 0
009454 0 375 500 0 0 0 0
004911 0 375 500 0 0 0 0
009880 0 500 375 0 0 0 0
007633 0 329 500 0 0 0 0
007655 0 357 500 0 0 0 0
005821 0 375 500 0 0 0 0
001734 0 375 500 0 0 0 0
004016 0 375 500 0 0 0 0
004171 0 500 446 0 0 0 0
004926 0 375 500 0 0 0 0
003204 0 375 500 0 0 0 0
008159 0 500 375 0 0 0 0
004341 0 375 500 0 0 0 0
001627 0 500 375 0 0 0 0
004468 0 500 174 0 0 0 0
009712 0 375 500 0 0 0 0
001378 0 500 383 0 0 0 0
006740 0 375 500 0 0 0 0
000109 0 254 500 0 0 0 0
006965 0 375 500 0 0 0 0
004356 0 375 500 0 0 0 0
002468 0 358 500 0 0 0 0
002306 0 360 270 0 0 0 0
000468 0 500 333 0 0 0 0
009512 0 500 375 0 0 0 0
008757 0 375 500 0 0 0 0
009961 0 374 500 0 0 0 0
003425 0 375 500 0 0 0 0
008468 0 240 320 0 0 0 0
005781 0 500 337 0 0 0 0
000973 0 375 500 0 0 0 0
008191 0 375 500 0 0 0 0
009148 0 276 369 0 0 0 0
006738 0 375 500 0 0 0 0
002163 0 375 500 0 0 0 0
006000 0 500 489 0 0 0 0
002251 0 375 500 0 0 0 0
000863 0 317 500 0 0 0 0
002270 0 375 500 0 0 0 0
006549 0 500 375 0 0 0 0
006794 0 333 500 0 0 0 0
000073 0 500 375 0 0 0 0
008499 0 334 500 0 0 0 0
009754 0 375 500 0 0 0 0
005819 0 375 500 0 0 0 0
005780 0 375 500 0 0 0 0
007696 0 375 500 0 0 0 0
004315 0 500 335 0 0 0 0
005396 0 475 500 0 0 0 0
002932 0 500 375 0 0 0 0
004364 0 332 500 0 0 0 0
005052 0 500 325 0 0 0 0
002166 0 337 500 0 0 0 0
008617 0 375 500 0 0 0 0
002333 0 335 500 0 0 0 0
003945 0 334 500 0 0 0 0
000947 0 500 238 0 0 0 0
000713 0 336 500 0 0 0 0
009459 0 353 500 0 0 0 0
001404 0 375 500 0 0 0 0
007197 0 334 500 0 0 0 0
009281 0 375 500 0 0 0 0
006887 0 375 500 0 0 0 0
005544 0 500 500 0 0 0 0
001418 0 480 405 0 0 0 0
008621 0 257 500 0 0 0 0
001182 0 375 500 0 0 0 0
005559 0 375 500 0 0 0 0
008748 0 500 344 0 0 0 0
000099 0 375 500 0 0 0 0
003004 0 375 500 0 0 0 0
005306 0 375 500 0 0 0 0
003216 0 333 500 0 0 0 0
004514 0 375 500 0 0 0 0
009042 0 334 500 0 0 0 0
001091 0 375 500 0 0 0 0
004067 0 331 500 0 0 0 0
000626 0 400 500 0 0 0 0
007727 0 318 480 0 0 0 0
006180 0 288 352 0 0 0 0
002364 0 329 500 0 0 0 0
002579 0 500 384 0 0 0 0
008189 0 375 500 0 0 0 0
005497 0 500 334 0 0 0 0
000689 0 353 500 0 0 0 0
008702 0 375 500 0 0 0 0
001130 0 375 500 0 0 0 0
003871 0 500 333 0 0 0 0
009490 0 500 375 0 0 0 0
004710 0 331 500 0 0 0 0
002855 0 375 500 0 0 0 0
003657 0 344 500 0 0 0 0
005439 0 375 500 0 0 0 0
009445 0 375 500 0 0 0 0
006813 0 291 500 0 0 0 0
009246 0 500 461 0 0 0 0
002636 0 375 500 0 0 0 0
000849 0 368 200 0 0 0 0
000926 0 500 375 0 0 0 0
001149 0 375 500 0 0 0 0
008032 0 333 500 0 0 0 0
005290 0 333 500 0 0 0 0
002461 0 375 500 0 0 0 0
001194 0 375 500 0 0 0 0
002906 0 500 375 0 0 0 0
008953 0 500 332 0 0 0 0
001078 0 375 500 0 0 0 0
007187 0 375 500 0 0 0 0
008695 0 333 500 0 0 0 0
000676 0 375 500 0 0 0 0
001383 0 375 500 0 0 0 0
002378 0 375 500 0 0 0 0
006547 0 500 333 0 0 0 0
007230 0 375 500 0 0 0 0
006450 0 322 500 0 0 0 0
007139 0 366 500 0 0 0 0
008284 0 375 500 0 0 0 0
005219 0 333 500 0 0 0 0
009749 0 500 369 0 0 0 0
007980 0 329 500 0 0 0 0
001901 0 500 375 0 0 0 0
006233 0 375 500 0 0 0 0
003827 0 330 500 0 0 0 0
001056 0 334 500 0 0 0 0
006730 0 375 500 0 0 0 0
009421 0 375 500 0 0 0 0
002371 0 357 500 0 0 0 0
003466 0 375 500 0 0 0 0
001241 0 500 375 0 0 0 0
004551 0 375 500 0 0 0 0
008275 0 357 500 0 0 0 0
004960 0 500 426 0 0 0 0
001526 0 298 500 0 0 0 0
007833 0 332 500 0 0 0 0
003129 0 375 500 0 0 0 0
003205 0 500 333 0 0 0 0
009586 0 500 375 0 0 0 0
008076 0 375 500 0 0 0 0
006981 0 375 500 0 0 0 0
005175 0 375 500 0 0 0 0
001397 0 500 333 0 0 0 0
007439 0 333 500 0 0 0 0
005264 0 500 499 0 0 0 0
006065 0 375 500 0 0 0 0
002844 0 325 500 0 0 0 0
006876 0 333 500 0 0 0 0
004345 0 332 500 0 0 0 0
006367 0 333 500 0 0 0 0
008975 0 375 500 0 0 0 0
001782 0 429 500 0 0 0 0
003821 0 375 500 0 0 0 0
007448 0 332 500 0 0 0 0
009698 0 375 500 0 0 0 0
007050 0 333 500 0 0 0 0
001236 0 399 500 0 0 0 0
005263 0 375 500 0 0 0 0
001894 0 375 500 0 0 0 0
009691 0 333 500 0 0 0 0
004879 0 330 500 0 0 0 0
009019 0 333 500 0 0 0 0
005574 0 375 500 0 0 0 0
003107 0 500 332 0 0 0 0
008872 0 270 360 0 0 0 0
004253 0 375 500 0 0 0 0
003269 0 375 500 0 0 0 0
005740 0 333 500 0 0 0 0
005991 0 500 375 0 0 0 0
000677 0 500 333 0 0 0 0
003118 0 333 500 0 0 0 0
008004 0 500 375 0 0 0 0
003638 0 375 500 0 0 0 0
003684 0 500 375 0 0 0 0
002645 0 332 500 0 0 0 0
002935 0 235 314 0 0 0 0
000632 0 375 500 0 0 0 0
008836 0 375 500 0 0 0 0
008940 0 338 500 0 0 0 0
004977 0 375 500 0 0 0 0
009312 0 375 500 0 0 0 0
004229 0 375 500 0 0 0 0
005699 0 375 500 0 0 0 0
008002 0 333 500 0 0 0 0
006618 0 331 500 0 0 0 0
005189 0 405 500 0 0 0 0
001972 0 500 333 0 0 0 0
001436 0 335 500 0 0 0 0
006824 0 333 500 0 0 0 0
008342 0 400 500 0 0 0 0
004565 0 500 500 0 0 0 0
002558 0 375 500 0 0 0 0
007624 0 375 500 0 0 0 0
002354 0 375 500 0 0 0 0
001927 0 332 500 0 0 0 0
009858 0 375 500 0 0 0 0
009020 0 332 500 0 0 0 0
006486 0 375 500 0 0 0 0
002450 0 423 500 0 0 0 0
003468 0 375 500 0 0 0 0
006883 0 375 500 0 0 0 0
004220 0 333 500 0 0 0 0
006670 0 500 500 0 0 0 0
003005 0 375 500 0 0 0 0
004647 0 333 500 0 0 0 0
007046 0 500 375 0 0 0 0
002151 0 500 375 0 0 0 0
009872 0 375 500 0 0 0 0
006381 0 375 500 0 0 0 0
001920 0 375 500 0 0 0 0
005278 0 318 480 0 0 0 0
002977 0 374 500 0 0 0 0
007621 0 375 500 0 0 0 0
003455 0 333 500 0 0 0 0
006161 0 333 500 0 0 0 0
006221 0 375 500 0 0 0 0
000760 0 332 500 0 0 0 0
007946 0 375 500 0 0 0 0
002500 0 500 375 0 0 0 0
009291 0 500 375 0 0 0 0
009832 0 375 500 0 0 0 0
008884 0 375 500 0 0 0 0
006819 0 375 500 0 0 0 0
009500 0 374 500 0 0 0 0
009184 0 334 500 0 0 0 0
009649 0 375 500 0 0 0 0
009917 0 375 500 0 0 0 0
009123 0 375 500 0 0 0 0
009193 0 375 500 0 0 0 0
004612 0 332 500 0 0 0 0
009647 0 375 500 0 0 0 0
001738 0 375 500 0 0 0 0
000107 0 375 500 0 0 0 0
004549 0 375 500 0 0 0 0
004077 0 375 500 0 0 0 0
000806 0 500 333 0 0 0 0
002794 0 375 500 0 0 0 0
002126 0 375 500 0 0 0 0
007664 0 375 500 0 0 0 0
001684 0 422 500 0 0 0 0
001465 0 375 500 0 0 0 0
002540 0 375 500 0 0 0 0
008364 0 322 500 0 0 0 0
009429 0 346 500 0 0 0 0
006495 0 375 500 0 0 0 0
005253 0 333 500 0 0 0 0
001887 0 375 500 0 0 0 0
002335 0 375 500 0 0 0 0
003110 0 358 500 0 0 0 0
007857 0 369 500 0 0 0 0
007274 0 327 500 0 0 0 0
000435 0 332 500 0 0 0 0
003218 0 334 500 0 0 0 0
003763 0 375 500 0 0 0 0
001004 0 375 500 0 0 0 0
003796 0 375 500 0 0 0 0
000949 0 500 340 0 0 0 0
006548 0 375 500 0 0 0 0
003436 0 375 500 0 0 0 0
003124 0 375 500 0 0 0 0
000275 0 480 476 0 0 0 0
003780 0 500 375 0 0 0 0
002413 0 500 375 0 0 0 0
006628 0 375 500 0 0 0 0
000146 0 500 374 0 0 0 0
007773 0 334 500 0 0 0 0
009833 0 375 500 0 0 0 0
005202 0 375 500 0 0 0 0
002384 0 375 500 0 0 0 0
004129 0 375 500 0 0 0 0
004257 0 375 500 0 0 0 0
003990 0 375 500 0 0 0 0
001595 0 375 500 0 0 0 0
001184 0 375 500 0 0 0 0
006519 0 375 500 0 0 0 0
008285 0 375 500 0 0 0 0
001325 0 379 500 0 0 0 0
004499 0 375 500 0 0 0 0
000610 0 335 500 0 0 0 0
002554 0 332 500 0 0 0 0
009666 0 500 375 0 0 0 0
004120 0 333 500 0 0 0 0
008433 0 364 500 0 0 0 0
001617 0 331 500 0 0 0 0
001324 0 333 500 0 0 0 0
005328 0 375 500 0 0 0 0
002099 0 375 500 0 0 0 0
001827 0 375 500 0 0 0 0
000690 0 375 500 0 0 0 0
000967 0 375 500 0 0 0 0
005530 0 318 500 0 0 0 0
004990 0 375 500 0 0 0 0
002328 0 375 500 0 0 0 0
005121 0 333 500 0 0 0 0
005964 0 333 500 0 0 0 0
009613 0 500 375 0 0 0 0
001106 0 375 500 0 0 0 0
000559 0 370 500 0 0 0 0
000034 0 500 360 0 0 0 0
002600 0 375 500 0 0 0 0
006153 0 335 500 0 0 0 0
006335 0 375 500 0 0 0 0
000241 0 375 500 0 0 0 0
002966 0 334 500 0 0 0 0
009440 0 375 500 0 0 0 0
001470 0 375 500 0 0 0 0
005591 0 375 500 0 0 0 0
004998 0 375 500 0 0 0 0
008023 0 375 500 0 0 0 0
007095 0 375 500 0 0 0 0
005813 0 500 335 0 0 0 0
002893 0 375 500 0 0 0 0
003556 0 500 357 0 0 0 0
006105 0 500 343 0 0 0 0
001427 0 500 369 0 0 0 0
005260 0 235 500 0 0 0 0
006848 0 333 500 0 0 0 0
008470 0 375 500 0 0 0 0
004707 0 500 375 0 0 0 0
008462 0 375 500 0 0 0 0
004935 0 500 332 0 0 0 0
000246 0 375 500 0 0 0 0
009315 0 375 500 0 0 0 0
004896 0 332 500 0 0 0 0
009463 0 333 500 0 0 0 0
008443 0 382 500 0 0 0 0
009153 0 500 375 0 0 0 0
008085 0 282 500 0 0 0 0
007943 0 375 500 0 0 0 0
005700 0 372 500 0 0 0 0
007191 0 375 500 0 0 0 0
007687 0 346 500 0 0 0 0
001649 0 500 444 0 0 0 0
001002 0 500 375 0 0 0 0
007908 0 333 500 0 0 0 0
003200 0 379 500 0 0 0 0
001479 0 375 500 0 0 0 0
007809 0 375 500 0 0 0 0
008752 0 334 500 0 0 0 0
008248 0 375 500 0 0 0 0
008564 0 500 437 0 0 0 0
008876 0 333 500 0 0 0 0
000513 0 333 500 0 0 0 0
007258 0 164 393 0 0 0 0
001286 0 331 500 0 0 0 0
004327 0 422 500 0 0 0 0
007720 0 375 500 0 0 0 0
004954 0 500 450 0 0 0 0
000242 0 333 500 0 0 0 0
001156 0 399 500 0 0 0 0
004694 0 500 252 0 0 0 0
007873 0 375 500 0 0 0 0
002184 0 375 500 0 0 0 0
009902 0 375 500 0 0 0 0
009549 0 375 500 0 0 0 0
007259 0 500 375 0 0 0 0
000400 0 500 375 0 0 0 0
002272 0 375 500 0 0 0 0
000476 0 375 500 0 0 0 0
006177 0 375 500 0 0 0 0
004230 0 333 500 0 0 0 0
000503 0 375 500 0 0 0 0
009789 0 351 500 0 0 0 0
001212 0 375 500 0 0 0 0
004652 0 333 500 0 0 0 0
008905 0 375 500 0 0 0 0
008084 0 500 338 0 0 0 0
002039 0 332 500 0 0 0 0
009566 0 375 500 0 0 0 0
002273 0 212 320 0 0 0 0
005716 0 297 500 0 0 0 0
005129 0 375 500 0 0 0 0
000177 0 375 500 0 0 0 0
003247 0 375 500 0 0 0 0
009591 0 349 500 0 0 0 0
000125 0 375 500 0 0 0 0
005878 0 332 500 0 0 0 0
000951 0 375 500 0 0 0 0
001272 0 414 500 0 0 0 0
000484 0 375 500 0 0 0 0
003185 0 375 500 0 0 0 0
002569 0 500 378 0 0 0 0
000278 0 375 500 0 0 0 0
007150 0 375 500 0 0 0 0
004438 0 360 480 0 0 0 0
005045 0 375 500 0 0 0 0
008742 0 500 334 0 0 0 0
007826 0 375 500 0 0 0 0
003470 0 500 333 0 0 0 0
004122 0 500 375 0 0 0 0
008647 0 375 500 0 0 0 0
000336 0 430 500 0 0 0 0
000033 0 366 500 0 0 0 0
004150 0 500 333 0 0 0 0
008180 0 500 333 0 0 0 0
002255 0 336 392 0 0 0 0
001248 0 375 500 0 0 0 0
009619 0 375 500 0 0 0 0
005805 0 375 500 0 0 0 0
003327 0 500 375 0 0 0 0
005001 0 333 500 0 0 0 0
000845 0 335 500 0 0 0 0
000407 0 360 480 0 0 0 0
000896 0 375 500 0 0 0 0
007712 0 450 307 0 0 0 0
001201 0 333 500 0 0 0 0
009679 0 240 320 0 0 0 0
002102 0 283 500 0 0 0 0
007168 0 500 375 0 0 0 0
009946 0 375 500 0 0 0 0
008776 0 333 500 0 0 0 0
009079 0 375 500 0 0 0 0
002030 0 375 500 0 0 0 0
005055 0 375 500 0 0 0 0
005814 0 375 500 0 0 0 0
002886 0 375 500 0 0 0 0
005177 0 500 377 0 0 0 0
003296 0 374 500 0 0 0 0
001464 0 215 500 0 0 0 0
005989 0 375 500 0 0 0 0
008533 0 425 500 0 0 0 0
006609 0 375 500 0 0 0 0
002940 0 375 500 0 0 0 0
000078 0 419 500 0 0 0 0
001270 0 357 500 0 0 0 0
008744 0 500 332 0 0 0 0
000374 0 375 500 0 0 0 0
000460 0 375 500 0 0 0 0
002305 0 375 500 0 0 0 0
005430 0 375 500 0 0 0 0
000810 0 375 500 0 0 0 0
003316 0 403 500 0 0 0 0
009684 0 375 500 0 0 0 0
001582 0 375 500 0 0 0 0
006434 0 375 500 0 0 0 0
001066 0 329 500 0 0 0 0
000042 0 335 500 0 0 0 0
005217 0 335 500 0 0 0 0
001323 0 375 500 0 0 0 0
007413 0 375 500 0 0 0 0
001896 0 375 500 0 0 0 0
004840 0 375 500 0 0 0 0
000756 0 500 365 0 0 0 0
005757 0 333 500 0 0 0 0
003181 0 375 500 0 0 0 0
002098 0 375 500 0 0 0 0
003183 0 375 500 0 0 0 0
007419 0 375 500 0 0 0 0
002042 0 360 480 0 0 0 0
000971 0 375 500 0 0 0 0
000192 0 375 500 0 0 0 0
004585 0 375 500 0 0 0 0
007411 0 432 500 0 0 0 0
006797 0 375 500 0 0 0 0
000332 0 333 500 0 0 0 0
004913 0 375 500 0 0 0 0
003260 0 500 326 0 0 0 0
006878 0 375 500 0 0 0 0
004552 0 375 500 0 0 0 0
009724 0 375 500 0 0 0 0
007758 0 387 500 0 0 0 0
009955 0 500 500 0 0 0 0
001985 0 500 333 0 0 0 0
004392 0 375 500 0 0 0 0
002760 0 333 500 0 0 0 0
001778 0 375 500 0 0 0 0
008873 0 357 500 0 0 0 0
005231 0 375 500 0 0 0 0
002387 0 375 500 0 0 0 0
007803 0 375 500 0 0 0 0
004916 0 333 500 0 0 0 0
007223 0 333 500 0 0 0 0
002537 0 391 458 0 0 0 0
000902 0 399 500 0 0 0 0
003632 0 375 500 0 0 0 0
000308 0 375 500 0 0 0 0
001327 0 500 375 0 0 0 0
007114 0 333 500 0 0 0 0
008805 0 480 405 0 0 0 0
002634 0 339 500 0 0 0 0
009831 0 343 500 0 0 0 0
001498 0 500 375 0 0 0 0
008519 0 375 500 0 0 0 0
003449 0 375 500 0 0 0 0
003681 0 375 500 0 0 0 0
000005 0 375 500 0 0 0 0
004020 0 375 500 0 0 0 0
002525 0 375 500 0 0 0 0
004274 0 375 500 0 0 0 0
007185 0 332 500 0 0 0 0
006433 0 375 500 0 0 0 0
008494 0 375 500 0 0 0 0
007506 0 375 500 0 0 0 0
009807 0 333 500 0 0 0 0
009455 0 334 500 0 0 0 0
005062 0 375 500 0 0 0 0
006762 0 375 500 0 0 0 0
002934 0 500 393 0 0 0 0
004898 0 375 500 0 0 0 0
006029 0 375 500 0 0 0 0
004656 0 500 375 0 0 0 0
007987 0 375 500 0 0 0 0
008117 0 375 500 0 0 0 0
001101 0 333 500 0 0 0 0
008612 0 300 500 0 0 0 0
003239 0 375 500 0 0 0 0
004868 0 375 500 0 0 0 0
003354 0 331 500 0 0 0 0
002419 0 344 500 0 0 0 0
004368 0 374 500 0 0 0 0
004623 0 378 500 0 0 0 0
008810 0 333 500 0 0 0 0
005527 0 500 375 0 0 0 0
004986 0 500 375 0 0 0 0
002091 0 375 500 0 0 0 0
002732 0 400 500 0 0 0 0
001284 0 375 500 0 0 0 0
000814 0 500 348 0 0 0 0
009236 0 318 480 0 0 0 0
001312 0 375 500 0 0 0 0
003845 0 375 500 0 0 0 0
003300 0 375 500 0 0 0 0
002816 0 375 500 0 0 0 0
000993 0 493 500 0 0 0 0
005843 0 375 500 0 0 0 0
005790 0 333 500 0 0 0 0
000728 0 333 500 0 0 0 0
001084 0 480 318 0 0 0 0
000885 0 456 500 0 0 0 0
002403 0 375 500 0 0 0 0
009655 0 500 375 0 0 0 0
008465 0 500 500 0 0 0 0
001556 0 332 500 0 0 0 0
006958 0 500 333 0 0 0 0
004790 0 375 500 0 0 0 0
001922 0 400 500 0 0 0 0
009327 0 500 334 0 0 0 0
009024 0 500 332 0 0 0 0
006269 0 375 500 0 0 0 0
000850 0 375 500 0 0 0 0
009413 0 500 500 0 0 0 0
008100 0 375 500 0 0 0 0
004164 0 375 500 0 0 0 0
002483 0 375 500 0 0 0 0
003656 0 313 500 0 0 0 0
006091 0 334 500 0 0 0 0
009911 0 400 500 0 0 0 0
006371 0 375 500 0 0 0 0
005405 0 500 375 0 0 0 0
009087 0 375 500 0 0 0 0
002976 0 500 251 0 0 0 0
006850 0 500 390 0 0 0 0
009160 0 333 500 0 0 0 0
009375 0 500 375 0 0 0 0
005613 0 375 500 0 0 0 0
005340 0 294 470 0 0 0 0
007166 0 500 333 0 0 0 0
005431 0 375 500 0 0 0 0
002542 0 375 500 0 0 0 0
006069 0 500 500 0 0 0 0
002458 0 375 500 0 0 0 0
005960 0 375 500 0 0 0 0
008865 0 334 500 0 0 0 0
005239 0 500 375 0 0 0 0
007361 0 375 500 0 0 0 0
003374 0 359 480 0 0 0 0
009855 0 325 500 0 0 0 0
009393 0 372 500 0 0 0 0
008323 0 375 500 0 0 0 0
001981 0 375 500 0 0 0 0
008965 0 333 500 0 0 0 0
001840 0 375 500 0 0 0 0
001906 0 301 500 0 0 0 0
004423 0 375 500 0 0 0 0
002858 0 500 333 0 0 0 0
002841 0 500 375 0 0 0 0
001240 0 375 500 0 0 0 0
001669 0 500 375 0 0 0 0
003464 0 327 500 0 0 0 0
002835 0 272 500 0 0 0 0
001807 0 333 500 0 0 0 0
003709 0 375 500 0 0 0 0
004010 0 418 500 0 0 0 0
000164 0 375 500 0 0 0 0
002675 0 333 500 0 0 0 0
000867 0 500 375 0 0 0 0
001225 0 500 387 0 0 0 0
003255 0 375 500 0 0 0 0
006989 0 375 500 0 0 0 0
003594 0 482 500 0 0 0 0
004878 0 375 500 0 0 0 0
004034 0 500 375 0 0 0 0
000130 0 375 500 0 0 0 0
006963 0 331 500 0 0 0 0
005660 0 500 417 0 0 0 0
002621 0 375 500 0 0 0 0
002015 0 375 500 0 0 0 0
001293 0 492 500 0 0 0 0
000093 0 339 500 0 0 0 0
005601 0 382 500 0 0 0 0
002466 0 333 500 0 0 0 0
000660 0 332 500 0 0 0 0
002136 0 375 500 0 0 0 0
004404 0 375 500 0 0 0 0
002956 0 375 500 0 0 0 0
001870 0 400 400 0 0 0 0
001761 0 333 500 0 0 0 0
006499 0 333 500 0 0 0 0
006542 0 374 500 0 0 0 0
008610 0 326 500 0 0 0 0
008983 0 203 500 0 0 0 0
005905 0 283 360 0 0 0 0
000965 0 500 375 0 0 0 0
003926 0 500 339 0 0 0 0
000209 0 375 500 0 0 0 0
005838 0 375 500 0 0 0 0
009147 0 352 500 0 0 0 0
005186 0 375 500 0 0 0 0
004912 0 375 500 0 0 0 0
004849 0 500 336 0 0 0 0
008422 0 375 500 0 0 0 0
003450 0 388 500 0 0 0 0
005731 0 375 500 0 0 0 0
009710 0 375 500 0 0 0 0
005914 0 375 500 0 0 0 0
003028 0 334 500 0 0 0 0
004192 0 375 500 0 0 0 0
008961 0 407 500 0 0 0 0
001012 0 333 500 0 0 0 0
002190 0 333 500 0 0 0 0
006551 0 375 500 0 0 0 0
005715 0 375 500 0 0 0 0
005996 0 375 500 0 0 0 0
002480 0 375 500 0 0 0 0
002611 0 375 500 0 0 0 0
009587 0 375 500 0 0 0 0
007243 0 375 500 0 0 0 0
000416 0 375 500 0 0 0 0
007585 0 500 500 0 0 0 0
002280 0 351 500 0 0 0 0
002549 0 375 500 0 0 0 0
001315 0 400 300 0 0 0 0
009039 0 375 500 0 0 0 0
001691 0 375 500 0 0 0 0
003039 0 375 500 0 0 0 0
001548 0 375 500 0 0 0 0
002518 0 332 500 0 0 0 0
006174 0 375 500 0 0 0 0
003937 0 333 500 0 0 0 0
006865 0 333 500 0 0 0 0
008760 0 375 500 0 0 0 0
004269 0 332 500 0 0 0 0
003564 0 335 500 0 0 0 0
005451 0 500 375 0 0 0 0
000895 0 375 500 0 0 0 0
008927 0 375 500 0 0 0 0
004352 0 375 500 0 0 0 0
000577 0 333 500 0 0 0 0
003058 0 500 396 0 0 0 0
000797 0 375 500 0 0 0 0
001279 0 500 375 0 0 0 0
006272 0 500 355 0 0 0 0
008730 0 375 500 0 0 0 0
004517 0 500 421 0 0 0 0
006179 0 333 500 0 0 0 0
004502 0 413 500 0 0 0 0
001522 0 375 500 0 0 0 0
003673 0 375 500 0 0 0 0
009942 0 332 500 0 0 0 0
009195 0 500 377 0 0 0 0
008141 0 375 500 0 0 0 0
001809 0 500 436 0 0 0 0
009371 0 333 500 0 0 0 0
007884 0 416 500 0 0 0 0
000710 0 500 375 0 0 0 0
001977 0 310 500 0 0 0 0
006012 0 375 500 0 0 0 0
001160 0 333 500 0 0 0 0
001614 0 375 500 0 0 0 0
007089 0 356 500 0 0 0 0
007551 0 500 375 0 0 0 0
004761 0 500 375 0 0 0 0
005130 0 500 500 0 0 0 0
008819 0 500 375 0 0 0 0
007071 0 333 500 0 0 0 0
008557 0 335 500 0 0 0 0
008723 0 334 500 0 0 0 0
004876 0 248 500 0 0 0 0
008921 0 400 500 0 0 0 0
005388 0 500 375 0 0 0 0
000820 0 375 500 0 0 0 0
009823 0 375 500 0 0 0 0
002683 0 375 500 0 0 0 0
002609 0 342 500 0 0 0 0
005824 0 359 500 0 0 0 0
005981 0 375 500 0 0 0 0
008717 0 375 500 0 0 0 0
007735 0 333 500 0 0 0 0
003956 0 500 375 0 0 0 0
006678 0 375 500 0 0 0 0
004433 0 500 342 0 0 0 0
001940 0 500 333 0 0 0 0
002529 0 375 500 0 0 0 0
009800 0 460 500 0 0 0 0
002762 0 375 500 0 0 0 0
007760 0 500 333 0 0 0 0
006939 0 375 500 0 0 0 0
003807 0 375 500 0 0 0 0
007417 0 269 500 0 0 0 0
005864 0 285 431 0 0 0 0
008313 0 375 500 0 0 0 0
002658 0 333 500 0 0 0 0
003506 0 332 500 0 0 0 0
007671 0 500 368 0 0 0 0
003679 0 332 500 0 0 0 0
000110 0 375 500 0 0 0 0
004588 0 500 411 0 0 0 0
002276 0 333 500 0 0 0 0
004607 0 375 500 0 0 0 0
005856 0 375 500 0 0 0 0
006702 0 333 500 0 0 0 0
006971 0 333 500 0 0 0 0
004479 0 375 500 0 0 0 0
001948 0 333 500 0 0 0 0
005851 0 335 500 0 0 0 0
001678 0 333 500 0 0 0 0
000898 0 375 500 0 0 0 0
005603 0 333 500 0 0 0 0
007271 0 375 500 0 0 0 0
007318 0 375 500 0 0 0 0
005368 0 500 334 0 0 0 0
002545 0 500 375 0 0 0 0
007831 0 500 384 0 0 0 0
007754 0 375 500 0 0 0 0
007544 0 375 500 0 0 0 0
009005 0 375 500 0 0 0 0
009202 0 480 460 0 0 0 0
007016 0 375 500 0 0 0 0
005026 0 375 500 0 0 0 0
006583 0 324 500 0 0 0 0
007679 0 362 500 0 0 0 0
001042 0 375 500 0 0 0 0
006023 0 375 500 0 0 0 0
008890 0 500 375 0 0 0 0
009126 0 375 500 0 0 0 0
006976 0 500 375 0 0 0 0
007477 0 500 431 0 0 0 0
001553 0 387 500 0 0 0 0
006679 0 375 500 0 0 0 0
000730 0 333 500 0 0 0 0
004023 0 375 500 0 0 0 0
007672 0 375 500 0 0 0 0
003957 0 332 500 0 0 0 0
002152 0 500 500 0 0 0 0
006139 0 375 500 0 0 0 0
007657 0 347 500 0 0 0 0
000395 0 322 500 0 0 0 0
003767 0 375 500 0 0 0 0
000772 0 480 360 0 0 0 0
003413 0 375 500 0 0 0 0
002260 0 330 500 0 0 0 0
004463 0 324 432 0 0 0 0
003451 0 333 500 0 0 0 0
003992 0 334 500 0 0 0 0
006922 0 333 500 0 0 0 0
007979 0 202 500 0 0 0 0
007117 0 376 500 0 0 0 0
007746 0 375 500 0 0 0 0
008759 0 375 500 0 0 0 0
000842 0 356 500 0 0 0 0
000831 0 500 335 0 0 0 0
001554 0 375 500 0 0 0 0
000549 0 500 375 0 0 0 0
007461 0 375 500 0 0 0 0
004530 0 375 500 0 0 0 0
001014 0 375 500 0 0 0 0
009306 0 500 375 0 0 0 0
001480 0 376 500 0 0 0 0
001928 0 500 500 0 0 0 0
001907 0 375 500 0 0 0 0
002969 0 375 500 0 0 0 0
009502 0 500 500 0 0 0 0
000598 0 344 500 0 0 0 0
002435 0 375 500 0 0 0 0
009112 0 500 375 0 0 0 0
000489 0 375 500 0 0 0 0
000518 0 333 500 0 0 0 0
002869 0 333 500 0 0 0 0
006621 0 375 500 0 0 0 0
005307 0 375 500 0 0 0 0
009089 0 500 375 0 0 0 0
001484 0 300 476 0 0 0 0
006772 0 349 500 0 0 0 0
007410 0 333 500 0 0 0 0
004106 0 375 500 0 0 0 0
001982 0 375 500 0 0 0 0
005762 0 500 375 0 0 0 0
005799 0 375 500 0 0 0 0
008150 0 333 500 0 0 0 0
005704 0 375 500 0 0 0 0
003500 0 375 500 0 0 0 0
003443 0 375 500 0 0 0 0
004028 0 375 500 0 0 0 0
001537 0 332 500 0 0 0 0
002710 0 331 500 0 0 0 0
003671 0 333 500 0 0 0 0
009949 0 375 500 0 0 0 0
007751 0 375 500 0 0 0 0
008553 0 335 500 0 0 0 0
001711 0 375 500 0 0 0 0
002117 0 500 375 0 0 0 0
007998 0 375 500 0 0 0 0
000046 0 500 332 0 0 0 0
007680 0 375 500 0 0 0 0
009278 0 375 500 0 0 0 0
001205 0 335 500 0 0 0 0
000363 0 333 500 0 0 0 0
003308 0 500 375 0 0 0 0
004584 0 375 500 0 0 0 0
007923 0 235 500 0 0 0 0
001175 0 375 500 0 0 0 0
006027 0 344 500 0 0 0 0
005215 0 375 500 0 0 0 0
007799 0 331 500 0 0 0 0
005853 0 335 500 0 0 0 0
001960 0 500 329 0 0 0 0
004773 0 500 375 0 0 0 0
004326 0 349 500 0 0 0 0
007470 0 333 500 0 0 0 0
001332 0 500 375 0 0 0 0
007605 0 352 500 0 0 0 0
003299 0 335 500 0 0 0 0
000017 0 364 480 0 0 0 0
002376 0 333 500 0 0 0 0
005397 0 375 500 0 0 0 0
000496 0 375 500 0 0 0 0
005413 0 500 375 0 0 0 0
004241 0 375 500 0 0 0 0
005889 0 375 500 0 0 0 0
008319 0 375 500 0 0 0 0
005672 0 500 377 0 0 0 0
008655 0 500 375 0 0 0 0
002047 0 375 500 0 0 0 0
005836 0 500 333 0 0 0 0
000249 0 333 500 0 0 0 0
004836 0 446 500 0 0 0 0
000165 0 386 500 0 0 0 0
001952 0 397 500 0 0 0 0
003133 0 333 500 0 0 0 0
000738 0 332 500 0 0 0 0
005511 0 480 318 0 0 0 0
007996 0 333 500 0 0 0 0
008772 0 375 500 0 0 0 0
009692 0 375 500 0 0 0 0
003223 0 500 375 0 0 0 0
001739 0 500 333 0 0 0 0
004816 0 333 500 0 0 0 0
006284 0 333 500 0 0 0 0
005812 0 334 500 0 0 0 0
008592 0 429 500 0 0 0 0
008410 0 375 500 0 0 0 0
002172 0 375 500 0 0 0 0
001892 0 375 500 0 0 0 0
006995 0 375 500 0 0 0 0
004292 0 500 374 0 0 0 0
005682 0 375 500 0 0 0 0
009250 0 500 375 0 0 0 0
009719 0 413 500 0 0 0 0
003704 0 375 500 0 0 0 0
008299 0 404 304 0 0 0 0
001864 0 375 500 0 0 0 0
000832 0 500 375 0 0 0 0
006026 0 375 500 0 0 0 0
008452 0 369 500 0 0 0 0
001995 0 500 375 0 0 0 0
001800 0 500 375 0 0 0 0
007498 0 376 500 0 0 0 0
003219 0 500 334 0 0 0 0
007897 0 324 500 0 0 0 0
008667 0 336 500 0 0 0 0
007296 0 375 500 0 0 0 0
008453 0 400 500 0 0 0 0
000519 0 375 500 0 0 0 0
005507 0 375 500 0 0 0 0
006829 0 375 500 0 0 0 0
001726 0 375 500 0 0 0 0
006509 0 500 333 0 0 0 0
006501 0 211 500 0 0 0 0
004792 0 500 375 0 0 0 0
006212 0 373 500 0 0 0 0
001434 0 332 500 0 0 0 0
007052 0 375 500 0 0 0 0
004994 0 354 500 0 0 0 0
007222 0 339 500 0 0 0 0
001579 0 500 375 0 0 0 0
000865 0 375 500 0 0 0 0
003412 0 500 332 0 0 0 0
000717 0 375 500 0 0 0 0
001849 0 375 500 0 0 0 0
001611 0 500 495 0 0 0 0
009239 0 333 500 0 0 0 0
001707 0 500 426 0 0 0 0
001107 0 332 500 0 0 0 0
002798 0 375 500 0 0 0 0
001247 0 334 500 0 0 0 0
002989 0 333 500 0 0 0 0
009667 0 375 500 0 0 0 0
002334 0 375 500 0 0 0 0
005314 0 375 500 0 0 0 0
001517 0 375 500 0 0 0 0
002086 0 375 500 0 0 0 0
006404 0 500 320 0 0 0 0
007416 0 349 500 0 0 0 0
008040 0 399 500 0 0 0 0
005995 0 335 500 0 0 0 0
002036 0 325 500 0 0 0 0
004025 0 333 500 0 0 0 0
000021 0 500 336 0 0 0 0
001460 0 333 500 0 0 0 0
008012 0 393 500 0 0 0 0
007890 0 333 500 0 0 0 0
003373 0 375 500 0 0 0 0
002632 0 352 288 0 0 0 0
006391 0 500 375 0 0 0 0
000306 0 176 500 0 0 0 0
003566 0 500 375 0 0 0 0
002875 0 375 500 0 0 0 0
009464 0 375 500 0 0 0 0
008467 0 500 375 0 0 0 0
007740 0 375 500 0 0 0 0
008390 0 500 375 0 0 0 0
005210 0 281 500 0 0 0 0
006318 0 375 500 0 0 0 0
001147 0 333 500 0 0 0 0
001299 0 500 429 0 0 0 0
006338 0 307 500 0 0 0 0
006538 0 333 500 0 0 0 0
009227 0 333 500 0 0 0 0
007781 0 375 500 0 0 0 0
001878 0 375 500 0 0 0 0
003469 0 375 500 0 0 0 0
003963 0 375 500 0 0 0 0
008933 0 500 375 0 0 0 0
006111 0 375 500 0 0 0 0
006968 0 375 500 0 0 0 0
002613 0 375 500 0 0 0 0
003045 0 375 500 0 0 0 0
007925 0 375 500 0 0 0 0
009197 0 376 500 0 0 0 0
000771 0 500 375 0 0 0 0
005552 0 500 332 0 0 0 0
007631 0 375 500 0 0 0 0
008595 0 333 500 0 0 0 0
003121 0 333 500 0 0 0 0
003621 0 343 500 0 0 0 0
000796 0 375 500 0 0 0 0
009131 0 375 500 0 0 0 0
000808 0 333 500 0 0 0 0
005303 0 500 378 0 0 0 0
006664 0 375 500 0 0 0 0
007443 0 333 500 0 0 0 0
000259 0 362 500 0 0 0 0
000154 0 333 500 0 0 0 0
003194 0 333 500 0 0 0 0
003749 0 375 500 0 0 0 0
003708 0 500 375 0 0 0 0
008556 0 333 500 0 0 0 0
001643 0 333 500 0 0 0 0
000915 0 375 500 0 0 0 0
003915 0 375 500 0 0 0 0
001309 0 500 348 0 0 0 0
006078 0 375 500 0 0 0 0
008639 0 375 500 0 0 0 0
004441 0 500 374 0 0 0 0
009066 0 351 500 0 0 0 0
004275 0 500 375 0 0 0 0
003960 0 375 500 0 0 0 0
006162 0 333 500 0 0 0 0
006150 0 400 500 0 0 0 0
001708 0 369 500 0 0 0 0
002061 0 375 500 0 0 0 0
009285 0 375 500 0 0 0 0
007535 0 500 368 0 0 0 0
009526 0 500 375 0 0 0 0
003336 0 375 500 0 0 0 0
009603 0 375 500 0 0 0 0
006374 0 375 500 0 0 0 0
006572 0 333 500 0 0 0 0
000962 0 375 500 0 0 0 0
008790 0 327 500 0 0 0 0
001842 0 379 500 0 0 0 0
008186 0 443 500 0 0 0 0
001463 0 375 500 0 0 0 0
000417 0 375 500 0 0 0 0
005224 0 375 500 0 0 0 0
001158 0 375 500 0 0 0 0
004135 0 333 500 0 0 0 0
002051 0 500 333 0 0 0 0
001273 0 500 440 0 0 0 0
001442 0 333 500 0 0 0 0
001186 0 500 375 0 0 0 0
007049 0 375 500 0 0 0 0
004653 0 500 333 0 0 0 0
004882 0 333 500 0 0 0 0
003138 0 375 500 0 0 0 0
002067 0 333 500 0 0 0 0
000123 0 375 500 0 0 0 0
006440 0 311 500 0 0 0 0
003868 0 375 500 0 0 0 0
003282 0 500 334 0 0 0 0
005686 0 371 500 0 0 0 0
006584 0 331 500 0 0 0 0
000282 0 374 500 0 0 0 0
001787 0 375 500 0 0 0 0
007086 0 333 500 0 0 0 0
001727 0 318 480 0 0 0 0
004421 0 500 375 0 0 0 0
007656 0 500 375 0 0 0 0
004528 0 500 310 0 0 0 0
000694 0 375 500 0 0 0 0
004595 0 375 500 0 0 0 0
002265 0 500 333 0 0 0 0
009470 0 262 500 0 0 0 0
002094 0 332 500 0 0 0 0
009465 0 346 393 0 0 0 0
000439 0 333 500 0 0 0 0
008725 0 375 500 0 0 0 0
002523 0 375 500 0 0 0 0
000023 0 500 334 0 0 0 0
005450 0 500 357 0 0 0 0
000812 0 333 500 0 0 0 0
007915 0 375 500 0 0 0 0
005018 0 331 500 0 0 0 0
001797 0 375 500 0 0 0 0
000189 0 375 500 0 0 0 0
009133 0 333 500 0 0 0 0
009686 0 375 500 0 0 0 0
005911 0 375 500 0 0 0 0
005346 0 330 500 0 0 0 0
009316 0 375 500 0 0 0 0
002978 0 375 500 0 0 0 0
002348 0 333 500 0 0 0 0
004273 0 375 500 0 0 0 0
002234 0 375 500 0 0 0 0
009542 0 332 500 0 0 0 0
002578 0 375 500 0 0 0 0
002022 0 333 500 0 0 0 0
008236 0 375 500 0 0 0 0
003714 0 375 500 0 0 0 0
006940 0 375 500 0 0 0 0
002571 0 333 500 0 0 0 0
007280 0 333 500 0 0 0 0
004246 0 375 500 0 0 0 0
009098 0 500 418 0 0 0 0
008427 0 333 500 0 0 0 0
009897 0 375 500 0 0 0 0
004968 0 500 329 0 0 0 0
003518 0 333 500 0 0 0 0
006382 0 332 500 0 0 0 0
001426 0 500 333 0 0 0 0
000843 0 333 500 0 0 0 0
006267 0 335 500 0 0 0 0
000268 0 333 500 0 0 0 0
006240 0 467 351 0 0 0 0
005636 0 500 332 0 0 0 0
001104 0 334 500 0 0 0 0
005191 0 375 500 0 0 0 0
001204 0 375 500 0 0 0 0
007685 0 375 500 0 0 0 0
007694 0 375 500 0 0 0 0
004856 0 500 368 0 0 0 0
007295 0 375 500 0 0 0 0
009611 0 375 500 0 0 0 0
003947 0 500 375 0 0 0 0
001673 0 375 500 0 0 0 0
002201 0 375 500 0 0 0 0
008883 0 375 500 0 0 0 0
002913 0 312 500 0 0 0 0
009192 0 375 500 0 0 0 0
001036 0 375 500 0 0 0 0
009508 0 500 374 0 0 0 0
005713 0 334 500 0 0 0 0
004148 0 332 500 0 0 0 0
002842 0 332 500 0 0 0 0
009923 0 333 500 0 0 0 0
003675 0 333 500 0 0 0 0
002063 0 500 375 0 0 0 0
003419 0 375 500 0 0 0 0
009693 0 375 500 0 0 0 0
000203 0 333 500 0 0 0 0
002615 0 333 500 0 0 0 0
003685 0 375 500 0 0 0 0
005517 0 333 500 0 0 0 0
003401 0 281 500 0 0 0 0
007885 0 500 441 0 0 0 0
000380 0 333 500 0 0 0 0
007227 0 500 296 0 0 0 0
007154 0 500 375 0 0 0 0
001531 0 375 500 0 0 0 0
001441 0 376 500 0 0 0 0
006295 0 375 500 0 0 0 0
007200 0 333 500 0 0 0 0
000851 0 375 500 0 0 0 0
006950 0 500 333 0 0 0 0
002820 0 371 500 0 0 0 0
001145 0 500 375 0 0 0 0
008372 0 332 500 0 0 0 0
000219 0 500 333 0 0 0 0
000686 0 375 500 0 0 0 0
000583 0 276 500 0 0 0 0
003717 0 334 500 0 0 0 0
000936 0 334 500 0 0 0 0
001818 0 332 500 0 0 0 0
007458 0 375 500 0 0 0 0
006523 0 375 500 0 0 0 0
003811 0 374 500 0 0 0 0
009588 0 335 500 0 0 0 0
009059 0 375 500 0 0 0 0
005674 0 480 360 0 0 0 0
003254 0 375 500 0 0 0 0
009609 0 335 500 0 0 0 0
005729 0 332 500 0 0 0 0
004140 0 375 500 0 0 0 0
009296 0 375 500 0 0 0 0
007836 0 375 500 0 0 0 0
003530 0 375 500 0 0 0 0
005145 0 500 333 0 0 0 0
001388 0 414 500 0 0 0 0
008216 0 500 375 0 0 0 0
004540 0 500 333 0 0 0 0
002987 0 334 500 0 0 0 0
005947 0 333 500 0 0 0 0
003599 0 332 500 0 0 0 0
006565 0 373 500 0 0 0 0
007859 0 337 500 0 0 0 0
004753 0 375 500 0 0 0 0
004376 0 374 500 0 0 0 0
003274 0 375 500 0 0 0 0
004293 0 374 500 0 0 0 0
004651 0 375 500 0 0 0 0
006418 0 333 500 0 0 0 0
002796 0 500 332 0 0 0 0
006208 0 375 500 0 0 0 0
007148 0 333 500 0 0 0 0
005662 0 500 375 0 0 0 0
007105 0 333 500 0 0 0 0
002737 0 335 500 0 0 0 0
000236 0 381 500 0 0 0 0
007956 0 375 500 0 0 0 0
002425 0 500 375 0 0 0 0
002220 0 375 500 0 0 0 0
007513 0 333 500 0 0 0 0
001421 0 500 375 0 0 0 0
006344 0 335 500 0 0 0 0
000815 0 374 500 0 0 0 0
008335 0 334 500 0 0 0 0
000804 0 500 333 0 0 0 0
003970 0 480 318 0 0 0 0
004281 0 375 500 0 0 0 0
005485 0 375 500 0 0 0 0
002572 0 333 500 0 0 0 0
007092 0 500 375 0 0 0 0
000791 0 332 500 0 0 0 0
008472 0 461 500 0 0 0 0
005590 0 316 500 0 0 0 0
000132 0 421 500 0 0 0 0
005325 0 375 500 0 0 0 0
008880 0 375 500 0 0 0 0
009303 0 99 500 0 0 0 0
003088 0 375 500 0 0 0 0
005624 0 333 500 0 0 0 0
004178 0 307 500 0 0 0 0
000645 0 375 500 0 0 0 0
002967 0 500 336 0 0 0 0
003021 0 375 500 0 0 0 0
007385 0 333 500 0 0 0 0
003699 0 375 500 0 0 0 0
002859 0 375 500 0 0 0 0
006222 0 500 375 0 0 0 0
004693 0 333 500 0 0 0 0
008269 0 335 500 0 0 0 0
004200 0 270 375 0 0 0 0
007008 0 290 343 0 0 0 0
006838 0 333 500 0 0 0 0
003280 0 333 500 0 0 0 0
006281 0 375 500 0 0 0 0
001509 0 500 315 0 0 0 0
006270 0 375 500 0 0 0 0
001752 0 500 375 0 0 0 0
005258 0 375 500 0 0 0 0
001754 0 500 375 0 0 0 0
003444 0 270 369 0 0 0 0
001127 0 375 500 0 0 0 0
006661 0 333 500 0 0 0 0
009778 0 375 500 0 0 0 0
009828 0 500 333 0 0 0 0
004247 0 400 500 0 0 0 0
001207 0 375 500 0 0 0 0
007035 0 375 500 0 0 0 0
006708 0 375 500 0 0 0 0
009516 0 500 375 0 0 0 0
004999 0 375 500 0 0 0 0
007080 0 333 500 0 0 0 0
000294 0 375 500 0 0 0 0
005697 0 333 500 0 0 0 0
008813 0 375 500 0 0 0 0
003575 0 375 500 0 0 0 0
003284 0 375 500 0 0 0 0
007767 0 333 500 0 0 0 0
002594 0 235 500 0 0 0 0
008942 0 375 500 0 0 0 0
005078 0 375 500 0 0 0 0
009268 0 500 375 0 0 0 0
008132 0 375 500 0 0 0 0
005755 0 400 500 0 0 0 0
002648 0 375 500 0 0 0 0
005097 0 375 500 0 0 0 0
001266 0 332 500 0 0 0 0
002834 0 488 500 0 0 0 0
007093 0 375 500 0 0 0 0
003887 0 500 361 0 0 0 0
001143 0 500 375 0 0 0 0
009307 0 400 400 0 0 0 0
002564 0 333 500 0 0 0 0
004631 0 500 375 0 0 0 0
004015 0 375 500 0 0 0 0
007702 0 375 500 0 0 0 0
009034 0 375 500 0 0 0 0
008251 0 260 500 0 0 0 0
009600 0 375 500 0 0 0 0
000032 0 281 500 0 0 0 0
006966 0 500 375 0 0 0 0
003618 0 332 500 0 0 0 0
003524 0 500 459 0 0 0 0
004349 0 376 500 0 0 0 0
005351 0 375 500 0 0 0 0
003984 0 387 500 0 0 0 0
006914 0 375 500 0 0 0 0
009764 0 375 500 0 0 0 0
004815 0 332 500 0 0 0 0
005448 0 331 500 0 0 0 0
007901 0 500 375 0 0 0 0
002417 0 500 500 0 0 0 0
009794 0 500 372 0 0 0 0
001493 0 375 500 0 0 0 0
002713 0 500 375 0 0 0 0
003161 0 328 500 0 0 0 0
007327 0 375 500 0 0 0 0
002226 0 333 500 0 0 0 0
008733 0 375 500 0 0 0 0
006249 0 371 414 0 0 0 0
008698 0 500 357 0 0 0 0
002957 0 375 500 0 0 0 0
002332 0 375 500 0 0 0 0
002481 0 500 334 0 0 0 0
007919 0 332 500 0 0 0 0
003093 0 375 500 0 0 0 0
003170 0 375 500 0 0 0 0
007649 0 375 500 0 0 0 0
006001 0 375 500 0 0 0 0
005895 0 375 500 0 0 0 0
005888 0 375 500 0 0 0 0
006781 0 367 234 0 0 0 0
002599 0 375 500 0 0 0 0
000934 0 333 500 0 0 0 0
002492 0 375 500 0 0 0 0
009618 0 375 500 0 0 0 0
002992 0 500 333 0 0 0 0
004831 0 333 500 0 0 0 0
006055 0 375 500 0 0 0 0
002096 0 500 334 0 0 0 0
002868 0 375 500 0 0 0 0
009841 0 321 500 0 0 0 0
003210 0 480 351 0 0 0 0
009706 0 375 500 0 0 0 0
007668 0 500 333 0 0 0 0
001316 0 375 500 0 0 0 0
006181 0 375 500 0 0 0 0
000685 0 375 500 0 0 0 0
000876 0 334 500 0 0 0 0
009886 0 375 500 0 0 0 0
006637 0 375 500 0 0 0 0
008615 0 375 500 0 0 0 0
007298 0 333 500 0 0 0 0
008728 0 375 500 0 0 0 0
000446 0 500 332 0 0 0 0
006304 0 333 500 0 0 0 0
006759 0 375 500 0 0 0 0
006727 0 375 500 0 0 0 0
002690 0 500 375 0 0 0 0
000739 0 374 500 0 0 0 0
002593 0 375 500 0 0 0 0
004069 0 375 500 0 0 0 0
001485 0 333 500 0 0 0 0
006562 0 247 500 0 0 0 0
000102 0 375 500 0 0 0 0
004158 0 333 500 0 0 0 0
002088 0 332 500 0 0 0 0
008253 0 375 500 0 0 0 0
004722 0 375 500 0 0 0 0
003577 0 375 500 0 0 0 0
003188 0 375 500 0 0 0 0
000244 0 333 500 0 0 0 0
006323 0 333 500 0 0 0 0
003163 0 295 500 0 0 0 0
007928 0 328 500 0 0 0 0
005705 0 500 375 0 0 0 0
008029 0 333 500 0 0 0 0
003722 0 339 500 0 0 0 0
003580 0 500 398 0 0 0 0
001724 0 315 275 0 0 0 0
008042 0 375 500 0 0 0 0
005404 0 375 500 0 0 0 0
005954 0 500 375 0 0 0 0
002441 0 375 500 0 0 0 0
007911 0 498 500 0 0 0 0
009037 0 375 500 0 0 0 0
007381 0 500 417 0 0 0 0
005948 0 332 500 0 0 0 0
004464 0 375 500 0 0 0 0
004396 0 375 500 0 0 0 0
004450 0 500 333 0 0 0 0
004432 0 500 500 0 0 0 0
004524 0 375 500 0 0 0 0
007292 0 375 500 0 0 0 0
004867 0 333 500 0 0 0 0
001784 0 335 500 0 0 0 0
006690 0 333 500 0 0 0 0
005094 0 375 500 0 0 0 0
008341 0 333 500 0 0 0 0
002155 0 333 500 0 0 0 0
006234 0 375 500 0 0 0 0
002508 0 333 500 0 0 0 0
009343 0 334 500 0 0 0 0
006909 0 375 500 0 0 0 0
001172 0 187 500 0 0 0 0
005938 0 313 500 0 0 0 0
005454 0 375 500 0 0 0 0
008858 0 333 500 0 0 0 0
000065 0 335 500 0 0 0 0
000711 0 375 500 0 0 0 0
007224 0 332 500 0 0 0 0
002555 0 375 500 0 0 0 0
007662 0 500 374 0 0 0 0
002352 0 198 500 0 0 0 0
006473 0 374 500 0 0 0 0
000752 0 332 500 0 0 0 0
007705 0 500 333 0 0 0 0
001348 0 333 500 0 0 0 0
005311 0 332 500 0 0 0 0
001001 0 375 500 0 0 0 0
009621 0 500 412 0 0 0 0
007924 0 360 238 0 0 0 0
002401 0 500 333 0 0 0 0
009181 0 500 333 0 0 0 0
006400 0 335 500 0 0 0 0
002502 0 500 335 0 0 0 0
003259 0 333 500 0 0 0 0
000122 0 480 475 0 0 0 0
002268 0 375 500 0 0 0 0
006990 0 375 500 0 0 0 0
007732 0 375 500 0 0 0 0
001350 0 375 500 0 0 0 0
000450 0 500 375 0 0 0 0
005244 0 375 500 0 0 0 0
005518 0 375 500 0 0 0 0
005161 0 375 500 0 0 0 0
005508 0 500 375 0 0 0 0
007194 0 334 500 0 0 0 0
006635 0 500 342 0 0 0 0
003549 0 278 370 0 0 0 0
006611 0 500 332 0 0 0 0
002034 0 288 500 0 0 0 0
001231 0 375 500 0 0 0 0
007394 0 333 500 0 0 0 0
006107 0 335 500 0 0 0 0
005923 0 375 500 0 0 0 0
006289 0 500 497 0 0 0 0
000904 0 375 500 0 0 0 0
003669 0 375 500 0 0 0 0
001771 0 375 500 0 0 0 0
007543 0 375 500 0 0 0 0
009654 0 500 333 0 0 0 0
000786 0 335 500 0 0 0 0
008346 0 500 291 0 0 0 0
000531 0 375 500 0 0 0 0
000325 0 375 500 0 0 0 0
000072 0 500 333 0 0 0 0
006395 0 375 500 0 0 0 0
003489 0 375 500 0 0 0 0
006835 0 375 500 0 0 0 0
007214 0 500 375 0 0 0 0
000050 0 375 500 0 0 0 0
006847 0 335 500 0 0 0 0
005310 0 333 500 0 0 0 0
008607 0 375 500 0 0 0 0
005478 0 500 376 0 0 0 0
005292 0 376 500 0 0 0 0
009114 0 212 320 0 0 0 0
004600 0 375 500 0 0 0 0
006442 0 500 348 0 0 0 0
002165 0 500 331 0 0 0 0
009460 0 375 500 0 0 0 0
000931 0 375 500 0 0 0 0
007654 0 350 500 0 0 0 0
007876 0 375 500 0 0 0 0
009117 0 375 500 0 0 0 0
002915 0 375 500 0 0 0 0
005027 0 375 500 0 0 0 0
007824 0 333 500 0 0 0 0
000712 0 341 500 0 0 0 0
001607 0 375 500 0 0 0 0
003293 0 500 333 0 0 0 0
001144 0 333 500 0 0 0 0
005639 0 375 500 0 0 0 0
005107 0 375 500 0 0 0 0
008049 0 375 500 0 0 0 0
005348 0 500 333 0 0 0 0
007077 0 332 500 0 0 0 0
005789 0 375 500 0 0 0 0
009373 0 375 500 0 0 0 0
002350 0 500 375 0 0 0 0
002006 0 375 500 0 0 0 0
003690 0 375 500 0 0 0 0
004258 0 375 500 0 0 0 0
000996 0 375 500 0 0 0 0
009049 0 349 500 0 0 0 0
005363 0 500 375 0 0 0 0
004785 0 331 500 0 0 0 0
009200 0 375 500 0 0 0 0
009567 0 375 500 0 0 0 0
007048 0 332 500 0 0 0 0
007997 0 375 500 0 0 0 0
003493 0 372 500 0 0 0 0
006806 0 375 500 0 0 0 0
000854 0 375 500 0 0 0 0
000207 0 500 334 0 0 0 0
002668 0 375 500 0 0 0 0
004391 0 333 500 0 0 0 0
008151 0 375 500 0 0 0 0
001011 0 375 500 0 0 0 0
006214 0 375 500 0 0 0 0
005014 0 375 500 0 0 0 0
005903 0 375 500 0 0 0 0
003122 0 375 500 0 0 0 0
004093 0 333 500 0 0 0 0
005214 0 381 500 0 0 0 0
005319 0 500 428 0 0 0 0
006543 0 333 500 0 0 0 0
000250 0 375 500 0 0 0 0
004885 0 375 500 0 0 0 0
008423 0 322 500 0 0 0 0
002514 0 333 500 0 0 0 0
001730 0 375 500 0 0 0 0
003924 0 500 375 0 0 0 0
003120 0 375 500 0 0 0 0
008005 0 375 500 0 0 0 0
004869 0 500 350 0 0 0 0
002836 0 333 500 0 0 0 0
003546 0 375 500 0 0 0 0
005077 0 375 500 0 0 0 0
008061 0 375 500 0 0 0 0
002477 0 375 500 0 0 0 0
000066 0 375 500 0 0 0 0
002817 0 375 500 0 0 0 0
003082 0 407 500 0 0 0 0
003848 0 176 500 0 0 0 0
009842 0 375 500 0 0 0 0
009249 0 375 500 0 0 0 0
008584 0 500 340 0 0 0 0
004194 0 500 455 0 0 0 0
000112 0 500 333 0 0 0 0
002637 0 375 500 0 0 0 0
006377 0 333 500 0 0 0 0
004630 0 375 500 0 0 0 0
004886 0 375 500 0 0 0 0
003430 0 375 500 0 0 0 0
005794 0 375 500 0 0 0 0
000095 0 323 500 0 0 0 0
007528 0 375 500 0 0 0 0
007812 0 375 500 0 0 0 0
001164 0 375 500 0 0 0 0
007743 0 500 332 0 0 0 0
007868 0 400 400 0 0 0 0
000419 0 375 500 0 0 0 0
009295 0 375 500 0 0 0 0
007350 0 360 480 0 0 0 0
003435 0 334 500 0 0 0 0
003788 0 281 500 0 0 0 0
004232 0 263 500 0 0 0 0
001653 0 375 500 0 0 0 0
004842 0 333 500 0 0 0 0
009354 0 500 335 0 0 0 0
008250 0 375 500 0 0 0 0
007814 0 375 500 0 0 0 0
001806 0 500 328 0 0 0 0
005752 0 375 500 0 0 0 0
005940 0 374 500 0 0 0 0
008926 0 413 500 0 0 0 0
007125 0 370 308 0 0 0 0
005652 0 333 500 0 0 0 0
003339 0 288 432 0 0 0 0
009378 0 500 332 0 0 0 0
003979 0 333 500 0 0 0 0
005542 0 375 500 0 0 0 0
003753 0 375 500 0 0 0 0
004484 0 375 500 0 0 0 0
003651 0 360 480 0 0 0 0
009273 0 375 500 0 0 0 0
003642 0 260 500 0 0 0 0
009627 0 359 500 0 0 0 0
007065 0 333 500 0 0 0 0
007162 0 375 500 0 0 0 0
009650 0 500 365 0 0 0 0
002657 0 375 500 0 0 0 0
000889 0 500 374 0 0 0 0
002404 0 375 500 0 0 0 0
009299 0 333 500 0 0 0 0
004331 0 375 500 0 0 0 0
006696 0 440 500 0 0 0 0
000950 0 331 500 0 0 0 0
003941 0 375 500 0 0 0 0
003105 0 333 500 0 0 0 0
007236 0 332 500 0 0 0 0
006252 0 375 500 0 0 0 0
006874 0 375 500 0 0 0 0
001978 0 334 500 0 0 0 0
005850 0 375 500 0 0 0 0
007820 0 333 500 0 0 0 0
006476 0 368 500 0 0 0 0
007042 0 375 500 0 0 0 0
006626 0 332 500 0 0 0 0
001854 0 499 333 0 0 0 0
004223 0 327 500 0 0 0 0
005852 0 500 333 0 0 0 0
003663 0 333 500 0 0 0 0
008223 0 375 500 0 0 0 0
007056 0 500 230 0 0 0 0
003576 0 265 500 0 0 0 0
000857 0 375 500 0 0 0 0
006123 0 375 500 0 0 0 0
000565 0 375 500 0 0 0 0
007546 0 332 500 0 0 0 0
003349 0 333 500 0 0 0 0
005881 0 371 500 0 0 0 0
004255 0 376 500 0 0 0 0
000680 0 375 500 0 0 0 0
008477 0 358 500 0 0 0 0
008139 0 411 500 0 0 0 0
007138 0 343 500 0 0 0 0
009695 0 274 500 0 0 0 0
004318 0 500 375 0 0 0 0
005714 0 375 500 0 0 0 0
000657 0 333 500 0 0 0 0
002784 0 500 333 0 0 0 0
001688 0 375 500 0 0 0 0
007344 0 375 500 0 0 0 0
006348 0 375 500 0 0 0 0
000966 0 353 500 0 0 0 0
005930 0 290 500 0 0 0 0
006190 0 312 500 0 0 0 0
007974 0 375 500 0 0 0 0
004984 0 375 500 0 0 0 0
006216 0 375 500 0 0 0 0
006658 0 375 500 0 0 0 0
000989 0 333 500 0 0 0 0
005086 0 375 500 0 0 0 0
006264 0 374 500 0 0 0 0
004060 0 375 500 0 0 0 0
008770 0 333 500 0 0 0 0
005406 0 333 500 0 0 0 0
009918 0 333 500 0 0 0 0
006184 0 385 500 0 0 0 0
000589 0 375 500 0 0 0 0
005004 0 333 500 0 0 0 0
008103 0 374 500 0 0 0 0
007677 0 357 500 0 0 0 0
001888 0 500 375 0 0 0 0
003290 0 332 500 0 0 0 0
001590 0 500 375 0 0 0 0
001311 0 319 500 0 0 0 0
004718 0 375 500 0 0 0 0
005033 0 379 500 0 0 0 0
008306 0 324 500 0 0 0 0
009954 0 332 500 0 0 0 0
003748 0 375 500 0 0 0 0
000900 0 375 500 0 0 0 0
006643 0 375 500 0 0 0 0
006357 0 500 331 0 0 0 0
007704 0 356 500 0 0 0 0
000633 0 375 500 0 0 0 0
004956 0 500 333 0 0 0 0
002491 0 500 375 0 0 0 0
001092 0 334 500 0 0 0 0
002433 0 375 500 0 0 0 0
006074 0 345 500 0 0 0 0
002191 0 375 500 0 0 0 0
009129 0 333 500 0 0 0 0
002933 0 341 500 0 0 0 0
008384 0 335 500 0 0 0 0
008862 0 480 318 0 0 0 0
002880 0 500 455 0 0 0 0
006880 0 375 500 0 0 0 0
006004 0 500 333 0 0 0 0
006532 0 375 500 0 0 0 0
007590 0 500 375 0 0 0 0
008224 0 375 500 0 0 0 0
001259 0 334 500 0 0 0 0
009289 0 333 500 0 0 0 0
003242 0 375 500 0 0 0 0
007147 0 500 333 0 0 0 0
008638 0 333 500 0 0 0 0
001109 0 333 500 0 0 0 0
005845 0 349 500 0 0 0 0
009377 0 338 500 0 0 0 0
008930 0 500 375 0 0 0 0
002744 0 378 500 0 0 0 0
006135 0 332 500 0 0 0 0
004117 0 348 480 0 0 0 0
000443 0 464 500 0 0 0 0
008301 0 500 375 0 0 0 0
002129 0 379 500 0 0 0 0
002494 0 375 500 0 0 0 0
007536 0 375 500 0 0 0 0
004037 0 500 338 0 0 0 0
005894 0 500 334 0 0 0 0
007445 0 334 500 0 0 0 0
