711
008892 1 375 500 251 372 109 128
005998 1 346 500 29 20 298 462
006346 1 374 500 230 1 68 208
003606 1 375 500 76 276 205 224
008969 1 375 500 121 418 62 82
000156 1 375 500 103 432 41 64
008663 1 375 500 106 1 222 495
008057 1 333 500 119 61 105 317
006362 1 375 500 114 1 163 145
009801 1 375 500 218 368 15 36
008665 1 333 500 15 57 310 395
000937 1 375 500 36 46 241 397
002135 1 500 375 139 332 102 43
001455 1 374 500 89 415 37 85
009932 1 500 375 324 68 174 216
006858 1 375 500 75 1 111 136
001057 1 335 500 38 6 297 347
000554 1 375 500 73 91 38 88
004073 1 375 500 208 403 26 62
009776 1 375 500 107 1 130 149
007003 1 375 500 256 196 107 117
001862 1 375 500 61 57 314 379
006918 1 375 500 147 1 83 171
001622 1 500 375 247 1 171 148
007247 1 375 500 93 100 198 394
007279 1 281 500 237 55 35 100
009904 1 500 375 343 72 46 88
005156 1 375 500 111 8 128 158
001693 1 333 500 93 2 219 456
009898 1 333 500 3 3 328 495
008484 1 375 500 1 1 314 406
007383 1 375 500 207 403 34 70
006748 1 500 338 180 178 99 159
000509 1 375 500 2 1 373 467
008449 1 375 500 208 436 26 46
001414 1 375 500 64 40 249 418
006196 1 375 500 1 68 372 432
005756 1 375 500 167 40 136 423
009558 1 333 500 30 99 188 275
005489 1 333 500 71 409 23 55
003721 1 333 500 103 15 145 429
009179 1 375 500 307 243 49 85
005350 1 333 500 140 85 109 315
007667 1 375 500 333 458 20 36
002759 1 374 500 94 256 59 116
008503 1 375 500 184 320 38 46
009254 1 333 500 212 331 31 70
000404 1 333 500 89 133 232 261
008296 1 333 500 103 52 221 448
007843 1 480 500 306 49 144 422
002454 1 334 500 73 100 127 163
008826 1 375 500 188 346 148 154
008550 1 375 500 40 371 79 88
008909 1 375 500 61 22 247 464
004863 1 375 500 61 61 221 360
007414 1 333 500 107 187 89 199
008784 1 262 500 131 324 39 58
000338 1 333 500 73 82 130 302
006277 1 375 500 70 65 252 382
003820 1 375 500 3 1 372 499
001052 1 375 500 101 65 180 366
003551 1 375 500 104 339 29 79
008747 1 500 375 144 320 46 55
009045 1 375 500 82 1 293 499
008444 1 375 500 36 19 214 481
003007 1 332 500 2 29 294 471
008001 1 353 500 96 52 186 406
008750 1 375 500 81 24 223 455
009336 1 375 500 78 61 250 335
008160 1 375 500 1 203 138 253
005020 1 375 500 181 270 53 166
003355 1 335 500 53 220 122 266
008572 1 375 500 61 34 259 423
000169 1 333 500 23 439 155 61
008676 1 336 500 153 125 85 124
009830 1 375 500 18 43 297 358
003406 1 375 500 4 2 370 498
003176 1 500 375 160 139 151 148
007691 1 375 500 85 270 236 230
000579 1 332 500 139 2 86 154
002340 1 375 500 116 107 19 45
008376 1 375 500 75 302 105 148
002625 1 375 500 294 42 19 46
009785 1 333 500 63 75 257 319
006330 1 375 500 306 12 16 28
004750 1 331 500 1 302 109 198
009186 1 375 500 216 1 30 61
008968 1 375 500 50 86 282 357
004519 1 375 500 110 92 131 316
006203 1 500 327 366 46 92 229
000131 1 333 500 99 1 167 474
002343 1 375 500 103 2 241 498
002917 1 375 500 96 48 46 115
003256 1 375 500 86 157 68 170
007601 1 375 500 91 2 90 48
009350 1 500 345 289 8 186 328
002411 1 375 500 163 129 96 171
006224 1 333 500 86 238 21 51
005499 1 333 500 48 2 285 498
007932 1 333 500 163 268 50 101
009060 1 333 500 105 2 119 123
008586 1 379 500 36 174 238 309
009879 1 375 500 164 398 63 100
003214 1 375 500 143 230 77 266
007527 1 431 500 381 108 27 41
009411 1 375 500 112 62 223 401
004186 1 375 500 2 296 23 55
007622 1 333 500 1 2 329 495
004089 1 334 500 58 19 143 247
009862 1 500 375 109 2 391 373
002884 1 333 500 44 153 186 205
000406 1 375 500 285 54 28 60
006632 1 375 500 256 300 109 172
003165 1 355 323 52 42 249 231
006128 1 323 500 195 64 69 161
000329 1 333 500 220 219 17 22
005003 1 375 500 161 188 31 63
000220 1 375 500 114 427 53 73
002247 1 500 375 259 9 192 366
004494 1 332 500 16 2 53 115
007566 1 336 500 1 90 69 99
006290 1 375 500 191 466 79 34
006821 1 371 500 193 319 31 48
008397 1 375 500 354 199 21 95
000823 1 334 500 160 49 105 294
004087 1 375 500 29 1 346 411
004481 1 411 500 167 42 209 423
001944 1 375 500 61 273 215 227
000251 1 500 453 440 362 60 91
009729 1 333 500 61 104 198 269
007650 1 500 375 316 1 49 41
007653 1 332 500 165 17 117 455
003228 1 333 500 104 305 79 89
004242 1 375 500 13 3 361 471
003051 1 333 500 82 30 125 253
008727 1 500 375 249 3 251 372
009834 1 333 500 75 88 205 361
009434 1 333 500 82 16 219 466
001931 1 333 500 114 44 174 445
005609 1 383 500 29 1 114 69
006736 1 375 500 170 102 71 180
009596 1 331 500 47 118 17 19
005592 1 375 500 135 122 72 155
002134 1 375 500 61 1 281 483
006988 1 333 500 66 62 241 325
000469 1 375 500 28 16 287 438
003461 1 333 500 43 10 81 61
004748 1 375 500 326 346 31 59
006900 1 375 500 82 327 103 138
002307 1 333 500 119 193 140 293
009913 1 375 500 82 40 179 407
000855 1 500 375 408 41 22 23
008429 1 339 500 127 148 61 222
007736 1 375 500 178 150 26 38
002248 1 375 500 2 65 299 435
004367 1 375 500 51 109 324 391
006018 1 332 500 234 193 50 38
002244 1 333 500 233 144 33 57
003397 1 375 500 168 15 153 243
001604 1 375 500 88 245 252 255
007424 1 333 500 61 90 209 361
001899 1 332 500 209 22 17 26
000161 1 390 500 195 68 93 53
007167 1 375 500 107 51 199 449
005067 1 333 500 233 400 40 41
003027 1 318 480 93 131 113 214
008031 1 375 500 82 15 221 468
004830 1 333 500 110 104 102 314
000296 1 348 500 125 427 56 73
000653 1 375 500 94 2 218 442
008225 1 385 500 189 128 58 121
005318 1 375 500 37 109 254 312
000245 1 375 500 131 18 161 470
003359 1 382 500 37 342 192 158
008911 1 375 500 146 45 124 202
001290 1 410 500 170 26 166 451
003420 1 375 500 230 351 31 78
000420 1 375 500 29 78 318 397
007284 1 333 500 72 78 135 307
000522 1 375 500 128 36 143 398
001360 1 326 500 91 7 181 441
001954 1 375 500 119 118 132 219
005830 1 333 500 35 1 270 472
009620 1 375 500 283 58 46 61
003936 1 330 500 202 34 57 156
004805 1 333 500 59 43 70 209
004973 1 375 500 149 281 91 127
006103 1 375 500 308 2 63 65
000818 1 287 500 181 1 23 32
009733 1 333 500 4 75 315 404
005387 1 375 500 254 2 15 43
000461 1 333 500 100 9 131 314
005262 1 375 500 159 14 26 39
006734 1 375 500 126 164 241 315
006458 1 314 500 110 26 155 209
002170 1 375 500 246 378 70 122
004304 1 375 500 119 173 183 257
007283 1 375 500 50 236 26 68
002311 1 375 500 57 1 298 498
002490 1 375 500 209 168 57 54
001281 1 333 500 121 169 113 225
000343 1 375 500 74 25 249 464
004365 1 374 500 78 57 204 427
005331 1 480 318 91 1 49 39
004727 1 500 500 205 1 61 55
009000 1 375 500 1 23 45 137
002606 1 335 500 196 193 45 59
009053 1 375 500 82 43 224 375
006329 1 375 500 70 36 221 444
006396 1 170 500 99 1 27 26
008060 1 375 500 126 5 226 495
005102 1 375 500 185 303 89 197
007970 1 375 500 163 296 85 204
008478 1 375 500 131 373 96 127
007790 1 375 500 1 188 52 79
000142 1 375 500 81 26 185 439
002559 1 375 500 64 103 229 350
007963 1 375 500 322 1 53 79
008037 1 333 500 50 147 184 314
008294 1 331 500 63 319 57 132
000153 1 375 500 147 237 44 121
003013 1 375 500 117 85 174 347
000800 1 375 500 170 38 18 33
009015 1 333 500 199 72 22 41
008019 1 318 480 164 381 154 99
009006 1 334 500 176 285 35 58
005593 1 375 500 95 123 180 242
007779 1 375 500 247 305 48 82
003885 1 500 375 373 156 52 66
007285 1 500 375 43 2 457 373
002019 1 333 500 82 43 216 457
002563 1 334 500 247 372 34 49
007709 1 375 500 59 202 39 91
005956 1 363 500 96 338 121 162
009424 1 375 500 103 50 226 372
001845 1 375 500 194 3 72 34
003261 1 375 500 178 218 20 21
000083 1 333 500 33 109 276 338
002682 1 375 500 151 168 128 162
004091 1 375 500 143 1 232 196
006058 1 375 500 107 1 268 498
001881 1 375 500 76 381 44 114
004231 1 354 500 113 32 73 233
008093 1 375 500 284 1 91 83
005782 1 333 500 93 54 133 357
004539 1 375 500 240 268 29 40
007525 1 400 500 185 134 152 270
008680 1 375 500 202 275 46 79
008517 1 333 500 2 1 331 344
002734 1 374 500 45 319 47 101
000474 1 375 500 157 53 202 395
003243 1 375 500 200 364 30 62
001409 1 333 500 74 226 166 238
002772 1 375 500 146 32 127 404
002125 1 375 500 154 58 156 409
004145 1 375 500 163 169 60 55
003998 1 375 500 60 12 247 488
007883 1 335 500 193 442 17 35
008268 1 334 500 129 1 115 157
000288 1 333 500 142 30 63 47
007068 1 500 357 24 94 51 227
008549 1 333 500 29 99 280 341
009774 1 400 500 65 453 51 47
000888 1 347 500 208 72 111 137
008169 1 375 500 174 11 52 80
003054 1 375 500 142 398 43 61
009269 1 496 500 167 100 160 304
002373 1 332 500 1 284 9 55
001937 1 500 375 211 11 222 321
007699 1 375 500 50 2 325 498
007040 1 425 500 32 156 121 288
003032 1 375 500 240 1 91 142
007294 1 312 500 172 270 80 91
002180 1 375 500 205 1 71 46
000543 1 375 500 87 298 156 202
007490 1 375 500 211 104 67 160
004591 1 333 500 247 326 60 174
006654 1 333 500 8 1 132 156
004346 1 375 500 259 438 63 62
008801 1 411 500 14 95 85 216
006151 1 500 334 192 1 145 206
001384 1 375 500 89 259 53 74
009469 1 375 500 111 1 77 129
006062 1 333 500 91 72 14 40
002566 1 375 500 181 34 26 70
005831 1 375 500 147 36 197 429
003379 1 333 500 114 68 99 341
006250 1 375 500 124 59 146 220
006011 1 375 500 95 210 69 136
002504 1 374 500 310 98 17 41
005305 1 500 375 358 74 104 192
006261 1 500 398 259 1 91 73
009614 1 375 500 156 149 54 54
008859 1 333 500 82 104 39 63
004705 1 330 500 206 1 64 103
004526 1 375 500 74 104 165 332
005584 1 375 500 192 334 127 154
009676 1 375 500 146 459 100 41
005897 1 370 500 246 251 97 201
009477 1 500 332 39 31 61 148
004660 1 375 500 89 3 264 496
009920 1 500 334 213 9 206 312
000289 1 333 500 99 49 132 288
003636 1 375 500 232 356 24 50
003596 1 375 500 72 233 24 53
004295 1 375 500 11 36 340 417
005486 1 375 500 69 252 126 248
006035 1 281 500 251 151 23 74
009121 1 333 500 148 427 100 73
007950 1 375 500 310 37 26 45
001640 1 375 500 52 397 54 63
000180 1 375 500 110 14 246 482
002595 1 375 500 115 68 119 374
001069 1 375 500 117 1 64 116
005679 1 360 500 42 33 82 107
002776 1 332 500 218 239 32 63
006223 1 333 500 90 128 176 298
006625 1 375 500 146 17 97 94
002023 1 362 500 47 27 253 456
006668 1 374 500 28 94 306 341
004604 1 375 500 52 2 136 170
008706 1 333 500 136 1 36 33
006660 1 400 500 273 47 105 248
000387 1 333 500 18 5 237 477
002436 1 375 500 149 452 50 48
000396 1 375 500 170 86 89 267
009064 1 375 500 41 1 161 154
002355 1 375 500 137 18 177 470
008716 1 333 500 93 196 114 165
007647 1 500 333 236 111 99 222
006325 1 458 500 277 276 76 87
005988 1 375 500 68 446 74 54
001801 1 375 500 206 1 159 42
005547 1 375 500 150 48 197 399
005549 1 375 500 202 136 37 60
004228 1 294 500 56 40 31 82
005072 1 333 500 78 4 221 452
005760 1 375 500 127 220 102 228
007427 1 375 500 208 269 76 44
003094 1 333 500 30 19 229 481
005645 1 375 500 27 1 348 499
007905 1 374 500 87 15 243 481
006893 1 500 375 291 143 66 102
003057 1 500 375 121 3 103 141
006783 1 500 333 221 144 33 50
001432 1 375 500 2 2 373 497
007663 1 375 500 94 49 202 412
008315 1 375 500 234 454 38 46
005110 1 375 500 186 180 31 26
008466 1 333 500 121 212 109 230
007971 1 333 500 1 1 332 499
000311 1 375 500 42 47 312 386
009205 1 334 500 128 1 201 310
009116 1 375 500 172 9 183 447
008923 1 209 500 31 15 145 351
008978 1 375 500 146 212 212 279
000492 0 375 500 0 0 0 0
003859 0 500 375 0 0 0 0
008398 0 375 500 0 0 0 0
006575 0 500 375 0 0 0 0
005526 0 375 500 0 0 0 0
008106 0 500 375 0 0 0 0
007435 0 500 332 0 0 0 0
001387 0 500 375 0 0 0 0
005215 0 375 500 0 0 0 0
001617 0 331 500 0 0 0 0
001903 0 333 500 0 0 0 0
002158 0 300 500 0 0 0 0
002984 0 330 500 0 0 0 0
001741 0 254 400 0 0 0 0
006208 0 375 500 0 0 0 0
004869 0 500 350 0 0 0 0
001137 0 333 500 0 0 0 0
001537 0 332 500 0 0 0 0
000448 0 375 500 0 0 0 0
008698 0 500 357 0 0 0 0
002866 0 375 500 0 0 0 0
009667 0 375 500 0 0 0 0
002372 0 500 400 0 0 0 0
002942 0 333 500 0 0 0 0
006603 0 500 330 0 0 0 0
006028 0 374 500 0 0 0 0
000129 0 500 334 0 0 0 0
002146 0 500 375 0 0 0 0
008127 0 334 500 0 0 0 0
001960 0 500 329 0 0 0 0
008690 0 333 500 0 0 0 0
000889 0 500 374 0 0 0 0
009455 0 334 500 0 0 0 0
004976 0 338 500 0 0 0 0
000246 0 375 500 0 0 0 0
001952 0 397 500 0 0 0 0
004237 0 375 500 0 0 0 0
000435 0 332 500 0 0 0 0
001084 0 480 318 0 0 0 0
004857 0 375 500 0 0 0 0
006814 0 375 500 0 0 0 0
004566 0 375 500 0 0 0 0
007571 0 375 500 0 0 0 0
009461 0 375 500 0 0 0 0
000051 0 375 500 0 0 0 0
009746 0 375 500 0 0 0 0
002335 0 375 500 0 0 0 0
003218 0 334 500 0 0 0 0
003293 0 500 333 0 0 0 0
009695 0 274 500 0 0 0 0
003690 0 375 500 0 0 0 0
009573 0 337 500 0 0 0 0
008748 0 500 344 0 0 0 0
008202 0 375 500 0 0 0 0
002333 0 335 500 0 0 0 0
005819 0 375 500 0 0 0 0
004193 0 375 500 0 0 0 0
002419 0 344 500 0 0 0 0
000973 0 375 500 0 0 0 0
007758 0 387 500 0 0 0 0
007712 0 450 307 0 0 0 0
003519 0 375 500 0 0 0 0
006067 0 375 500 0 0 0 0
009401 0 375 500 0 0 0 0
006781 0 367 234 0 0 0 0
009359 0 281 500 0 0 0 0
002690 0 500 375 0 0 0 0
000177 0 375 500 0 0 0 0
005990 0 375 500 0 0 0 0
001563 0 333 500 0 0 0 0
005811 0 375 500 0 0 0 0
002715 0 375 500 0 0 0 0
004722 0 375 500 0 0 0 0
009908 0 375 500 0 0 0 0
008970 0 334 500 0 0 0 0
008002 0 333 500 0 0 0 0
005568 0 375 500 0 0 0 0
005153 0 375 500 0 0 0 0
007097 0 288 500 0 0 0 0
000892 0 375 500 0 0 0 0
006189 0 333 500 0 0 0 0
005781 0 500 337 0 0 0 0
005290 0 333 500 0 0 0 0
000777 0 333 500 0 0 0 0
002735 0 480 423 0 0 0 0
000141 0 423 500 0 0 0 0
008771 0 335 500 0 0 0 0
007185 0 332 500 0 0 0 0
008434 0 313 500 0 0 0 0
000958 0 300 400 0 0 0 0
007603 0 375 500 0 0 0 0
007979 0 202 500 0 0 0 0
000184 0 375 500 0 0 0 0
000347 0 357 466 0 0 0 0
002318 0 375 500 0 0 0 0
002845 0 500 375 0 0 0 0
004430 0 333 500 0 0 0 0
006803 0 500 400 0 0 0 0
006456 0 375 500 0 0 0 0
001248 0 375 500 0 0 0 0
008854 0 333 500 0 0 0 0
009735 0 500 333 0 0 0 0
004974 0 329 500 0 0 0 0
005701 0 500 375 0 0 0 0
005298 0 333 500 0 0 0 0
002172 0 375 500 0 0 0 0
003803 0 500 375 0 0 0 0
002858 0 500 333 0 0 0 0
009500 0 374 500 0 0 0 0
003419 0 375 500 0 0 0 0
004009 0 366 500 0 0 0 0
007715 0 375 500 0 0 0 0
004674 0 333 500 0 0 0 0
002234 0 375 500 0 0 0 0
009546 0 500 375 0 0 0 0
009576 0 375 500 0 0 0 0
008281 0 500 375 0 0 0 0
005700 0 372 500 0 0 0 0
008728 0 375 500 0 0 0 0
004273 0 375 500 0 0 0 0
004174 0 454 500 0 0 0 0
002757 0 381 500 0 0 0 0
002367 0 375 500 0 0 0 0
001555 0 375 500 0 0 0 0
004785 0 331 500 0 0 0 0
005789 0 375 500 0 0 0 0
009331 0 375 500 0 0 0 0
009638 0 375 500 0 0 0 0
003539 0 375 500 0 0 0 0
003889 0 318 480 0 0 0 0
005421 0 375 500 0 0 0 0
001127 0 375 500 0 0 0 0
005812 0 334 500 0 0 0 0
001882 0 333 500 0 0 0 0
005263 0 375 500 0 0 0 0
006188 0 379 500 0 0 0 0
003034 0 375 500 0 0 0 0
008647 0 375 500 0 0 0 0
004271 0 500 432 0 0 0 0
001818 0 332 500 0 0 0 0
003635 0 375 500 0 0 0 0
007466 0 331 500 0 0 0 0
005901 0 375 500 0 0 0 0
005054 0 500 334 0 0 0 0
004956 0 500 333 0 0 0 0
004876 0 248 500 0 0 0 0
009755 0 334 500 0 0 0 0
004450 0 500 333 0 0 0 0
007718 0 375 500 0 0 0 0
003772 0 375 500 0 0 0 0
004913 0 375 500 0 0 0 0
004005 0 373 500 0 0 0 0
008636 0 375 500 0 0 0 0
007901 0 500 375 0 0 0 0
006987 0 372 500 0 0 0 0
002000 0 375 500 0 0 0 0
001388 0 414 500 0 0 0 0
002966 0 334 500 0 0 0 0
004195 0 375 500 0 0 0 0
009579 0 500 375 0 0 0 0
003754 0 357 500 0 0 0 0
005696 0 500 333 0 0 0 0
009408 0 357 500 0 0 0 0
006163 0 500 357 0 0 0 0
009860 0 396 500 0 0 0 0
007256 0 375 500 0 0 0 0
004656 0 500 375 0 0 0 0
001972 0 500 333 0 0 0 0
004396 0 375 500 0 0 0 0
003462 0 375 500 0 0 0 0
006418 0 333 500 0 0 0 0
005964 0 333 500 0 0 0 0
005413 0 500 375 0 0 0 0
006430 0 375 500 0 0 0 0
001963 0 375 500 0 0 0 0
008620 0 375 500 0 0 0 0
007325 0 333 500 0 0 0 0
009288 0 319 213 0 0 0 0
009259 0 333 500 0 0 0 0
007873 0 375 500 0 0 0 0
003759 0 375 500 0 0 0 0
002899 0 500 375 0 0 0 0
005914 0 375 500 0 0 0 0
006466 0 375 500 0 0 0 0
000513 0 333 500 0 0 0 0
000194 0 224 320 0 0 0 0
009432 0 332 500 0 0 0 0
007786 0 375 500 0 0 0 0
001936 0 333 500 0 0 0 0
003876 0 382 500 0 0 0 0
000306 0 176 500 0 0 0 0
009703 0 375 500 0 0 0 0
002132 0 375 500 0 0 0 0
001185 0 375 500 0 0 0 0
006341 0 500 375 0 0 0 0
002238 0 327 500 0 0 0 0
004872 0 375 500 0 0 0 0
009446 0 375 500 0 0 0 0
007484 0 375 500 0 0 0 0
009911 0 400 500 0 0 0 0
006678 0 375 500 0 0 0 0
005220 0 375 500 0 0 0 0
008769 0 373 500 0 0 0 0
007031 0 500 375 0 0 0 0
003155 0 500 333 0 0 0 0
000702 0 375 500 0 0 0 0
004955 0 374 500 0 0 0 0
008841 0 375 500 0 0 0 0
003373 0 375 500 0 0 0 0
004010 0 418 500 0 0 0 0
008961 0 407 500 0 0 0 0
003063 0 500 375 0 0 0 0
006433 0 375 500 0 0 0 0
004221 0 375 500 0 0 0 0
003983 0 333 500 0 0 0 0
006078 0 375 500 0 0 0 0
007389 0 337 500 0 0 0 0
004524 0 375 500 0 0 0 0
001833 0 375 500 0 0 0 0
002465 0 375 500 0 0 0 0
005672 0 500 377 0 0 0 0
000480 0 375 500 0 0 0 0
003487 0 375 500 0 0 0 0
003865 0 375 500 0 0 0 0
002136 0 375 500 0 0 0 0
008326 0 333 500 0 0 0 0
001420 0 332 500 0 0 0 0
009480 0 500 375 0 0 0 0
000710 0 500 375 0 0 0 0
009032 0 375 500 0 0 0 0
008051 0 375 500 0 0 0 0
003299 0 335 500 0 0 0 0
007042 0 375 500 0 0 0 0
006267 0 335 500 0 0 0 0
001594 0 333 500 0 0 0 0
000193 0 375 500 0 0 0 0
009007 0 403 500 0 0 0 0
005695 0 500 375 0 0 0 0
005686 0 371 500 0 0 0 0
007491 0 375 500 0 0 0 0
007524 0 500 333 0 0 0 0
004291 0 500 375 0 0 0 0
002257 0 375 500 0 0 0 0
008654 0 338 500 0 0 0 0
006486 0 375 500 0 0 0 0
002034 0 288 500 0 0 0 0
007910 0 375 500 0 0 0 0
003024 0 208 500 0 0 0 0
003455 0 333 500 0 0 0 0
001768 0 500 375 0 0 0 0
006139 0 375 500 0 0 0 0
000024 0 335 500 0 0 0 0
006148 0 500 375 0 0 0 0
004436 0 500 332 0 0 0 0
005001 0 333 500 0 0 0 0
001711 0 375 500 0 0 0 0
008438 0 333 500 0 0 0 0
006922 0 333 500 0 0 0 0
009565 0 375 500 0 0 0 0
001985 0 500 333 0 0 0 0
000820 0 375 500 0 0 0 0
006216 0 375 500 0 0 0 0
003593 0 333 500 0 0 0 0
008931 0 374 500 0 0 0 0
007528 0 375 500 0 0 0 0
005576 0 109 500 0 0 0 0
000331 0 500 375 0 0 0 0
004953 0 358 500 0 0 0 0
008005 0 375 500 0 0 0 0
006391 0 500 375 0 0 0 0
008095 0 375 500 0 0 0 0
007460 0 500 333 0 0 0 0
002836 0 333 500 0 0 0 0
005923 0 375 500 0 0 0 0
006777 0 500 352 0 0 0 0
004455 0 333 500 0 0 0 0
002090 0 300 400 0 0 0 0
006074 0 345 500 0 0 0 0
005613 0 375 500 0 0 0 0
000030 0 375 500 0 0 0 0
007138 0 343 500 0 0 0 0
002613 0 375 500 0 0 0 0
008971 0 294 500 0 0 0 0
006833 0 375 500 0 0 0 0
002684 0 500 447 0 0 0 0
009591 0 349 500 0 0 0 0
003211 0 375 500 0 0 0 0
007513 0 333 500 0 0 0 0
000468 0 500 333 0 0 0 0
001766 0 375 500 0 0 0 0
004856 0 500 368 0 0 0 0
000742 0 338 500 0 0 0 0
005723 0 391 500 0 0 0 0
001203 0 240 350 0 0 0 0
000657 0 333 500 0 0 0 0
006565 0 373 500 0 0 0 0
001669 0 500 375 0 0 0 0
002415 0 500 332 0 0 0 0
006689 0 374 500 0 0 0 0
000764 0 332 500 0 0 0 0
005938 0 313 500 0 0 0 0
002098 0 375 500 0 0 0 0
007296 0 375 500 0 0 0 0
007263 0 375 500 0 0 0 0
006631 0 327 500 0 0 0 0
005253 0 333 500 0 0 0 0
009405 0 375 500 0 0 0 0
002470 0 500 417 0 0 0 0
002199 0 372 500 0 0 0 0
005404 0 375 500 0 0 0 0
000896 0 375 500 0 0 0 0
001028 0 500 406 0 0 0 0
000612 0 500 375 0 0 0 0
003039 0 375 500 0 0 0 0
004441 0 500 374 0 0 0 0
006699 0 500 375 0 0 0 0
006409 0 375 500 0 0 0 0
006515 0 375 500 0 0 0 0
006959 0 333 500 0 0 0 0
000887 0 320 500 0 0 0 0
006845 0 375 500 0 0 0 0
009271 0 375 500 0 0 0 0
006061 0 375 500 0 0 0 0
001348 0 333 500 0 0 0 0
004170 0 335 500 0 0 0 0
008764 0 500 400 0 0 0 0
006166 0 419 500 0 0 0 0
006862 0 375 500 0 0 0 0
004470 0 375 500 0 0 0 0
000520 0 500 334 0 0 0 0
001277 0 332 500 0 0 0 0
008241 0 375 500 0 0 0 0
002537 0 391 458 0 0 0 0
009700 0 375 500 0 0 0 0
002718 0 375 500 0 0 0 0
006240 0 467 351 0 0 0 0
002635 0 334 500 0 0 0 0
006914 0 375 500 0 0 0 0
006041 0 375 500 0 0 0 0
009036 0 405 500 0 0 0 0
007152 0 334 500 0 0 0 0
008049 0 375 500 0 0 0 0
004600 0 375 500 0 0 0 0
008372 0 332 500 0 0 0 0
004300 0 375 500 0 0 0 0
008557 0 335 500 0 0 0 0
009250 0 500 375 0 0 0 0
001941 0 375 500 0 0 0 0
007144 0 375 500 0 0 0 0
004196 0 336 500 0 0 0 0
000793 0 375 500 0 0 0 0
006827 0 500 375 0 0 0 0
007023 0 500 375 0 0 0 0
002586 0 500 500 0 0 0 0
000637 0 375 500 0 0 0 0
