2481
009863 1 375 500 164 37 169 364
006497 1 375 500 64 97 57 119
007363 1 317 500 98 32 166 387
006524 1 97 500 1 1 93 137
009862 1 500 375 109 2 391 373
003054 1 375 500 142 398 43 61
003214 1 375 500 143 230 77 266
005669 1 333 500 151 254 51 87
005640 1 500 375 188 107 83 138
008360 1 375 500 157 396 46 30
001360 1 326 500 91 7 181 441
004779 1 375 500 203 114 88 170
002248 1 375 500 2 65 299 435
009898 1 333 500 3 3 328 495
003094 1 333 500 30 19 229 481
003009 1 494 500 294 135 69 251
003027 1 318 480 93 131 113 214
002937 1 333 500 43 283 136 217
006043 1 375 500 2 2 369 494
002291 1 433 500 100 125 237 297
001640 1 375 500 52 397 54 63
009116 1 375 500 172 9 183 447
002180 1 375 500 205 1 71 46
006089 1 375 500 130 152 125 146
001618 1 333 500 104 53 159 420
002606 1 335 500 196 193 45 59
009326 1 333 500 109 101 102 213
000494 1 500 375 58 1 400 368
008169 1 375 500 174 11 52 80
004439 1 334 500 255 435 28 65
006484 1 333 500 192 301 137 157
006329 1 375 500 70 36 221 444
000153 1 375 500 147 237 44 121
009938 1 375 500 1 242 51 83
007167 1 375 500 107 51 199 449
000509 1 375 500 2 1 373 467
009163 1 320 500 112 2 57 27
002135 1 500 375 139 332 102 43
007159 1 375 500 151 435 59 65
004295 1 375 500 11 36 340 417
009000 1 375 500 1 23 45 137
004304 1 375 500 119 173 183 257
000818 1 287 500 181 1 23 32
001334 1 375 500 97 4 22 64
004808 1 375 500 162 114 111 309
008444 1 375 500 36 19 214 481
002393 1 334 500 49 111 272 389
003285 1 281 500 138 249 51 177
002772 1 375 500 146 32 127 404
000373 1 500 333 343 19 110 300
009213 1 375 500 204 308 83 118
001492 1 334 500 158 1 31 42
006884 1 276 500 2 3 176 239
006588 1 333 500 200 86 27 45
000776 1 200 500 26 17 167 464
003344 1 333 500 89 473 27 27
008562 1 375 500 184 12 29 46
008572 1 375 500 61 34 259 423
002544 1 375 500 61 286 36 76
009913 1 375 500 82 40 179 407
008892 1 375 500 251 372 109 128
004983 1 500 338 1 1 81 316
000906 1 375 500 162 423 97 77
007691 1 375 500 85 270 236 230
008663 1 375 500 106 1 222 495
003703 1 375 500 153 125 100 232
005577 1 375 500 138 1 237 478
003885 1 500 375 373 156 52 66
005318 1 375 500 37 109 254 312
001125 1 333 500 176 1 157 222
005645 1 375 500 27 1 348 499
005679 1 360 500 42 33 82 107
005102 1 375 500 185 303 89 197
009879 1 375 500 164 398 63 100
005760 1 375 500 127 220 102 228
004019 1 375 500 324 474 31 26
000972 1 375 500 115 20 173 413
008279 1 500 350 211 24 32 36
000329 1 333 500 220 219 17 22
009932 1 500 375 324 68 174 216
007592 1 500 333 121 8 199 315
008461 1 333 500 161 154 63 204
008336 1 375 500 248 297 82 83
005979 1 332 500 9 26 322 461
007068 1 500 357 24 94 51 227
000026 1 333 500 125 90 87 247
004073 1 375 500 208 403 26 62
003256 1 375 500 86 157 68 170
006225 1 375 500 82 86 210 377
002776 1 332 500 218 239 32 63
004946 1 500 375 249 29 25 53
005782 1 333 500 93 54 133 357
007883 1 335 500 193 442 17 35
003083 1 500 375 455 344 25 31
004539 1 375 500 240 268 29 40
002566 1 375 500 181 34 26 70
007383 1 375 500 207 403 34 70
003806 1 282 500 27 85 234 348
004429 1 374 500 118 11 218 485
009745 1 375 500 192 98 75 116
009350 1 500 345 289 8 186 328
007614 1 375 500 40 24 291 435
001385 1 332 500 157 46 31 43
009671 1 375 500 202 192 53 141
000296 1 348 500 125 427 56 73
005861 1 338 500 160 122 25 61
000823 1 334 500 160 49 105 294
007247 1 375 500 93 100 198 394
002373 1 332 500 1 284 9 55
002595 1 375 500 115 68 119 374
008174 1 333 500 1 41 319 459
003809 1 333 500 128 107 146 378
005609 1 383 500 29 1 114 69
007525 1 400 500 185 134 152 270
009073 1 375 500 202 1 135 96
007971 1 333 500 1 1 332 499
000590 1 337 500 109 199 227 301
001294 1 375 500 161 93 18 30
002563 1 334 500 247 372 34 49
003998 1 375 500 60 12 247 488
007446 1 500 375 121 1 26 42
007653 1 332 500 165 17 117 455
003997 1 322 500 110 171 152 276
006250 1 375 500 124 59 146 220
005020 1 375 500 181 270 53 166
009644 1 332 500 78 36 225 445
008978 1 375 500 146 212 212 279
006736 1 375 500 170 102 71 180
000688 1 317 500 42 8 275 492
009774 1 400 500 65 453 51 47
004828 1 483 500 171 139 220 307
000543 1 375 500 87 298 156 202
001821 1 375 500 125 92 123 270
009424 1 375 500 103 50 226 372
009623 1 333 500 52 149 180 305
002730 1 333 500 88 186 206 199
009392 1 331 500 283 1 48 73
008057 1 333 500 119 61 105 317
003936 1 330 500 202 34 57 156
009106 1 375 500 105 1 235 355
009060 1 333 500 105 2 119 123
000220 1 375 500 114 427 53 73
006035 1 281 500 251 151 23 74
004581 1 333 500 94 15 184 462
008911 1 375 500 146 45 124 202
007921 1 375 500 257 58 94 176
007699 1 375 500 50 2 325 498
004303 1 281 500 127 389 18 46
005547 1 375 500 150 48 197 399
004481 1 411 500 167 42 209 423
009053 1 375 500 82 43 224 375
007040 1 425 500 32 156 121 288
000888 1 347 500 208 72 111 137
009178 1 333 500 83 2 241 498
002153 1 375 500 166 83 125 292
006203 1 500 327 366 46 92 229
007709 1 375 500 59 202 39 91
009845 1 375 500 204 404 37 71
005373 1 333 500 149 329 29 43
007819 1 208 500 110 32 21 61
003634 1 281 500 105 46 90 154
002759 1 374 500 94 256 59 116
000180 1 375 500 110 14 246 482
007843 1 480 500 306 49 144 422
005199 1 375 500 215 22 129 459
001112 1 335 500 168 61 34 64
004089 1 334 500 58 19 143 247
005169 1 500 375 58 220 34 44
007284 1 333 500 72 78 135 307
007647 1 500 333 236 111 99 222
004747 1 375 500 46 1 305 471
000787 1 371 500 93 120 186 303
000461 1 333 500 100 9 131 314
009214 1 375 500 223 146 152 322
007667 1 375 500 333 458 20 36
007058 1 409 500 152 1 248 471
008676 1 336 500 153 125 85 124
005756 1 375 500 167 40 136 423
006058 1 375 500 107 1 268 498
004830 1 333 500 110 104 102 314
008958 1 375 500 35 50 324 450
005489 1 333 500 71 409 23 55
006988 1 333 500 66 62 241 325
000251 1 500 453 440 362 60 91
004329 1 375 500 181 198 77 97
008482 1 375 500 121 2 38 45
001488 1 333 500 152 254 52 131
004591 1 333 500 247 326 60 174
005350 1 333 500 140 85 109 315
003228 1 333 500 104 305 79 89
002804 1 375 500 135 1 21 45
009121 1 333 500 148 427 100 73
005998 1 346 500 29 20 298 462
005868 1 375 500 134 19 190 469
001057 1 335 500 38 6 297 347
006079 1 375 500 57 30 14 38
008969 1 375 500 121 418 62 82
003053 1 333 500 210 458 27 33
002056 1 500 375 260 331 121 44
000522 1 375 500 128 36 143 398
003057 1 500 375 121 3 103 141
003798 1 389 500 181 204 101 188
006206 1 375 500 240 325 135 175
002023 1 362 500 47 27 253 456
001699 1 332 500 115 2 67 55
001237 1 375 500 156 115 57 151
002646 1 375 500 103 18 220 469
007468 1 375 500 1 3 358 490
009699 1 375 500 39 262 62 149
003711 1 396 500 278 132 51 34
002682 1 375 500 151 168 128 162
007261 1 500 377 288 196 191 181
000663 1 500 422 36 376 45 46
009368 1 375 500 133 408 51 85
009064 1 375 500 41 1 161 154
000515 1 375 500 167 147 33 39
004203 1 385 500 2 1 383 202
002493 1 375 500 203 27 172 287
001845 1 375 500 194 3 72 34
009558 1 333 500 30 99 188 275
008801 1 411 500 14 95 85 216
009822 1 375 500 196 372 128 128
004604 1 375 500 52 2 136 170
009411 1 375 500 112 62 223 401
008044 1 336 500 204 240 43 152
003397 1 375 500 168 15 153 243
006320 1 333 500 43 123 259 311
004961 1 333 500 80 18 225 479
000161 1 390 500 195 68 93 53
002174 1 333 500 89 451 97 49
005585 1 375 500 131 21 213 282
007270 1 375 500 158 350 30 95
008549 1 333 500 29 99 280 341
002917 1 375 500 96 48 46 115
005110 1 375 500 186 180 31 26
007963 1 375 500 322 1 53 79
004962 1 333 500 172 255 36 93
003655 1 500 375 51 2 449 363
002704 1 500 334 83 106 83 191
007294 1 312 500 172 270 80 91
003987 1 500 333 379 2 120 278
004805 1 333 500 59 43 70 209
001559 1 480 360 175 146 51 37
001069 1 375 500 117 1 64 116
001862 1 375 500 61 57 314 379
008939 1 375 500 233 409 79 91
002490 1 375 500 209 168 57 54
006668 1 374 500 28 94 306 341
006438 1 332 500 87 1 53 39
008750 1 375 500 81 24 223 455
006900 1 375 500 82 327 103 138
005159 1 375 500 212 19 29 46
000871 1 375 500 114 8 178 483
008429 1 339 500 127 148 61 222
009729 1 333 500 61 104 198 269
001931 1 333 500 114 44 174 445
008727 1 500 375 249 3 251 372
006362 1 375 500 114 1 163 145
000860 1 353 500 85 81 207 347
005956 1 363 500 96 338 121 162
008079 1 335 500 137 48 61 111
007821 1 500 357 58 23 254 290
009029 1 500 333 46 49 101 231
006235 1 375 500 239 10 61 81
005897 1 370 500 246 251 97 201
008665 1 333 500 15 57 310 395
005305 1 500 375 358 74 104 192
009174 1 375 500 252 40 76 166
001954 1 375 500 119 118 132 219
008968 1 375 500 50 86 282 357
000474 1 375 500 157 53 202 395
007090 1 375 500 203 75 162 246
006290 1 375 500 191 466 79 34
000083 1 333 500 33 109 276 338
002311 1 375 500 57 1 298 498
003165 1 355 323 52 42 249 231
005584 1 375 500 192 334 127 154
006223 1 333 500 90 128 176 298
004786 1 375 500 120 27 194 473
008680 1 375 500 202 275 46 79
008019 1 318 480 164 381 154 99
003261 1 375 500 178 218 20 21
003555 1 375 500 241 438 60 62
009517 1 500 333 111 135 21 42
004087 1 375 500 29 1 346 411
007601 1 375 500 91 2 90 48
007855 1 375 500 216 447 16 28
007497 1 333 500 73 329 46 95
005273 1 375 500 84 235 69 183
009641 1 500 375 337 192 43 88
008923 1 209 500 31 15 145 351
001494 1 375 500 243 122 128 199
002693 1 335 500 124 1 85 184
005071 1 375 500 164 65 23 56
000318 1 331 500 81 201 62 100
003390 1 375 500 116 147 224 256
003195 1 333 500 227 327 42 147
008232 1 375 500 149 67 82 207
005588 1 375 500 223 150 88 116
009015 1 333 500 199 72 22 41
001746 1 375 500 236 1 65 152
003103 1 226 361 64 33 122 295
005457 1 346 500 123 64 151 323
007779 1 375 500 247 305 48 82
006893 1 500 375 291 143 66 102
000387 1 333 500 18 5 237 477
003461 1 333 500 43 10 81 61
008225 1 385 500 189 128 58 121
006103 1 375 500 308 2 63 65
000169 1 333 500 23 439 155 61
008716 1 333 500 93 196 114 165
000431 1 375 500 316 85 24 40
000131 1 333 500 99 1 167 474
001532 1 340 425 186 187 21 45
001258 1 375 500 92 101 195 322
007745 1 375 500 39 43 298 444
009532 1 333 500 211 328 77 94
008268 1 334 500 129 1 115 157
001352 1 276 500 135 49 73 193
003551 1 375 500 104 339 29 79
008388 1 338 450 1 1 336 449
004186 1 375 500 2 296 23 55
008296 1 333 500 103 52 221 448
008909 1 375 500 61 22 247 464
004108 1 333 500 127 5 200 488
006325 1 458 500 277 276 76 87
003891 1 500 332 284 5 111 327
000134 1 371 500 115 1 215 486
004494 1 332 500 16 2 53 115
004386 1 333 500 79 19 252 365
003051 1 333 500 82 30 125 253
004793 1 375 500 132 28 240 267
001604 1 375 500 88 245 252 255
006346 1 374 500 230 1 68 208
001937 1 500 375 211 11 222 321
001902 1 375 500 224 196 27 37
001980 1 375 500 181 17 86 118
003824 1 500 333 43 1 212 331
002247 1 500 375 259 9 192 366
006375 1 375 500 160 28 146 168
007622 1 333 500 1 2 329 495
007285 1 500 375 43 2 457 373
001093 1 400 500 39 109 25 69
009058 1 375 500 1 1 286 483
009596 1 331 500 47 118 17 19
001899 1 332 500 209 22 17 26
002478 1 375 500 250 280 85 203
003636 1 375 500 232 356 24 50
004526 1 375 500 74 104 165 332
006277 1 375 500 70 65 252 382
004823 1 375 500 80 1 251 497
002994 1 375 500 282 67 46 80
000303 1 377 500 39 15 241 485
000800 1 375 500 170 38 18 33
003721 1 333 500 103 15 145 429
008391 1 309 500 46 5 261 492
002025 0 500 375 0 0 0 0
006626 0 332 500 0 0 0 0
008261 0 500 332 0 0 0 0
006605 0 375 500 0 0 0 0
008213 0 224 500 0 0 0 0
000760 0 332 500 0 0 0 0
005039 0 375 500 0 0 0 0
003413 0 375 500 0 0 0 0
001512 0 333 500 0 0 0 0
007122 0 375 500 0 0 0 0
003597 0 500 421 0 0 0 0
008730 0 375 500 0 0 0 0
000756 0 500 365 0 0 0 0
009773 0 375 500 0 0 0 0
008053 0 500 244 0 0 0 0
009491 0 375 500 0 0 0 0
009080 0 375 500 0 0 0 0
007216 0 500 375 0 0 0 0
005086 0 375 500 0 0 0 0
006355 0 375 500 0 0 0 0
005029 0 335 500 0 0 0 0
008840 0 333 500 0 0 0 0
002542 0 375 500 0 0 0 0
005231 0 375 500 0 0 0 0
003487 0 375 500 0 0 0 0
005417 0 375 500 0 0 0 0
002957 0 375 500 0 0 0 0
008944 0 500 444 0 0 0 0
002632 0 352 288 0 0 0 0
002914 0 375 500 0 0 0 0
003034 0 375 500 0 0 0 0
007482 0 333 500 0 0 0 0
005348 0 500 333 0 0 0 0
009874 0 480 318 0 0 0 0
004259 0 375 500 0 0 0 0
009567 0 375 500 0 0 0 0
005729 0 332 500 0 0 0 0
001911 0 333 500 0 0 0 0
003159 0 360 480 0 0 0 0
002942 0 333 500 0 0 0 0
001145 0 500 375 0 0 0 0
003421 0 500 375 0 0 0 0
000832 0 500 375 0 0 0 0
004292 0 500 374 0 0 0 0
005413 0 500 375 0 0 0 0
004951 0 375 500 0 0 0 0
000129 0 500 334 0 0 0 0
009466 0 450 500 0 0 0 0
005693 0 500 375 0 0 0 0
008518 0 353 500 0 0 0 0
000439 0 333 500 0 0 0 0
008573 0 418 500 0 0 0 0
006841 0 316 500 0 0 0 0
009421 0 375 500 0 0 0 0
003373 0 375 500 0 0 0 0
008731 0 332 500 0 0 0 0
005851 0 335 500 0 0 0 0
004046 0 335 500 0 0 0 0
007791 0 375 500 0 0 0 0
005439 0 375 500 0 0 0 0
008819 0 500 375 0 0 0 0
005128 0 375 500 0 0 0 0
003349 0 333 500 0 0 0 0
000133 0 500 447 0 0 0 0
003924 0 500 375 0 0 0 0
000850 0 375 500 0 0 0 0
009022 0 375 500 0 0 0 0
009212 0 500 333 0 0 0 0
009598 0 375 500 0 0 0 0
004178 0 307 500 0 0 0 0
004974 0 329 500 0 0 0 0
009796 0 375 500 0 0 0 0
006530 0 375 500 0 0 0 0
007853 0 467 500 0 0 0 0
004325 0 500 390 0 0 0 0
007101 0 333 500 0 0 0 0
006722 0 375 500 0 0 0 0
007121 0 500 375 0 0 0 0
001952 0 397 500 0 0 0 0
006041 0 375 500 0 0 0 0
008645 0 330 500 0 0 0 0
009659 0 375 500 0 0 0 0
002502 0 500 335 0 0 0 0
007836 0 375 500 0 0 0 0
004077 0 375 500 0 0 0 0
005624 0 333 500 0 0 0 0
000222 0 375 500 0 0 0 0
003451 0 333 500 0 0 0 0
002350 0 500 375 0 0 0 0
001556 0 332 500 0 0 0 0
007976 0 375 500 0 0 0 0
002791 0 319 500 0 0 0 0
006643 0 375 500 0 0 0 0
000950 0 331 500 0 0 0 0
000699 0 381 500 0 0 0 0
005702 0 500 333 0 0 0 0
009867 0 375 500 0 0 0 0
000967 0 375 500 0 0 0 0
004831 0 333 500 0 0 0 0
006466 0 375 500 0 0 0 0
007943 0 375 500 0 0 0 0
005517 0 333 500 0 0 0 0
000249 0 333 500 0 0 0 0
000951 0 375 500 0 0 0 0
009693 0 375 500 0 0 0 0
004474 0 375 500 0 0 0 0
005078 0 375 500 0 0 0 0
001598 0 333 500 0 0 0 0
005947 0 333 500 0 0 0 0
002261 0 332 500 0 0 0 0
003605 0 386 500 0 0 0 0
008302 0 375 500 0 0 0 0
004265 0 375 500 0 0 0 0
000962 0 375 500 0 0 0 0
001239 0 375 500 0 0 0 0
003639 0 375 500 0 0 0 0
008438 0 333 500 0 0 0 0
009105 0 375 500 0 0 0 0
005397 0 375 500 0 0 0 0
007390 0 375 500 0 0 0 0
004868 0 375 500 0 0 0 0
007150 0 375 500 0 0 0 0
005995 0 335 500 0 0 0 0
004913 0 375 500 0 0 0 0
009634 0 375 500 0 0 0 0
005177 0 500 377 0 0 0 0
002442 0 500 375 0 0 0 0
003767 0 375 500 0 0 0 0
002899 0 500 375 0 0 0 0
000863 0 317 500 0 0 0 0
002288 0 332 500 0 0 0 0
000061 0 333 500 0 0 0 0
009048 0 500 375 0 0 0 0
003339 0 288 432 0 0 0 0
003781 0 375 500 0 0 0 0
008890 0 500 375 0 0 0 0
006794 0 333 500 0 0 0 0
000989 0 333 500 0 0 0 0
003211 0 375 500 0 0 0 0
005007 0 375 500 0 0 0 0
002649 0 320 500 0 0 0 0
006739 0 375 500 0 0 0 0
001170 0 375 500 0 0 0 0
009303 0 99 500 0 0 0 0
008200 0 375 500 0 0 0 0
003124 0 375 500 0 0 0 0
000812 0 333 500 0 0 0 0
009747 0 500 332 0 0 0 0
004194 0 500 455 0 0 0 0
005788 0 375 500 0 0 0 0
007093 0 375 500 0 0 0 0
006827 0 500 375 0 0 0 0
009543 0 375 500 0 0 0 0
004859 0 500 375 0 0 0 0
006619 0 333 500 0 0 0 0
000867 0 500 375 0 0 0 0
004872 0 375 500 0 0 0 0
002083 0 375 500 0 0 0 0
002572 0 333 500 0 0 0 0
007777 0 374 500 0 0 0 0
003988 0 336 448 0 0 0 0
003453 0 375 500 0 0 0 0
002782 0 333 500 0 0 0 0
006702 0 333 500 0 0 0 0
001250 0 288 432 0 0 0 0
001976 0 383 500 0 0 0 0
006696 0 440 500 0 0 0 0
005146 0 303 500 0 0 0 0
002042 0 360 480 0 0 0 0
009072 0 500 375 0 0 0 0
004570 0 375 500 0 0 0 0
004201 0 375 500 0 0 0 0
004912 0 375 500 0 0 0 0
000612 0 500 375 0 0 0 0
004674 0 333 500 0 0 0 0
005230 0 374 500 0 0 0 0
001521 0 500 375 0 0 0 0
002512 0 375 500 0 0 0 0
000934 0 333 500 0 0 0 0
009508 0 500 374 0 0 0 0
000107 0 375 500 0 0 0 0
007065 0 333 500 0 0 0 0
005843 0 375 500 0 0 0 0
009299 0 333 500 0 0 0 0
004209 0 375 500 0 0 0 0
006697 0 375 500 0 0 0 0
004092 0 375 500 0 0 0 0
000403 0 375 500 0 0 0 0
001690 0 332 500 0 0 0 0
006495 0 375 500 0 0 0 0
002913 0 312 500 0 0 0 0
008755 0 333 500 0 0 0 0
001405 0 500 332 0 0 0 0
000851 0 375 500 0 0 0 0
001137 0 333 500 0 0 0 0
004279 0 375 500 0 0 0 0
002847 0 333 500 0 0 0 0
006108 0 353 500 0 0 0 0
006802 0 350 500 0 0 0 0
004825 0 500 375 0 0 0 0
007786 0 375 500 0 0 0 0
003017 0 311 500 0 0 0 0
002058 0 333 500 0 0 0 0
007633 0 329 500 0 0 0 0
000859 0 333 500 0 0 0 0
008477 0 358 500 0 0 0 0
008556 0 333 500 0 0 0 0
009743 0 379 500 0 0 0 0
003436 0 375 500 0 0 0 0
007343 0 394 500 0 0 0 0
008585 0 334 500 0 0 0 0
008220 0 333 500 0 0 0 0
007834 0 500 371 0 0 0 0
000550 0 375 500 0 0 0 0
000915 0 375 500 0 0 0 0
002947 0 500 375 0 0 0 0
008796 0 380 500 0 0 0 0
001172 0 187 500 0 0 0 0
004549 0 375 500 0 0 0 0
000830 0 375 500 0 0 0 0
004931 0 375 500 0 0 0 0
006887 0 375 500 0 0 0 0
003837 0 500 375 0 0 0 0
007657 0 347 500 0 0 0 0
009136 0 375 500 0 0 0 0
004671 0 500 317 0 0 0 0
005111 0 500 367 0 0 0 0
003635 0 375 500 0 0 0 0
006658 0 375 500 0 0 0 0
003886 0 332 500 0 0 0 0
002492 0 375 500 0 0 0 0
002579 0 500 384 0 0 0 0
002391 0 360 237 0 0 0 0
007530 0 500 378 0 0 0 0
000218 0 333 500 0 0 0 0
009035 0 500 333 0 0 0 0
004997 0 334 500 0 0 0 0
007250 0 333 500 0 0 0 0
009942 0 332 500 0 0 0 0
008718 0 375 500 0 0 0 0
004171 0 500 446 0 0 0 0
006349 0 334 500 0 0 0 0
005208 0 333 500 0 0 0 0
003549 0 278 370 0 0 0 0
007826 0 375 500 0 0 0 0
007258 0 164 393 0 0 0 0
006570 0 375 500 0 0 0 0
001809 0 500 436 0 0 0 0
009954 0 332 500 0 0 0 0
004174 0 454 500 0 0 0 0
001203 0 240 350 0 0 0 0
008811 0 375 500 0 0 0 0
007129 0 397 500 0 0 0 0
006501 0 211 500 0 0 0 0
005714 0 375 500 0 0 0 0
009580 0 333 500 0 0 0 0
003695 0 318 480 0 0 0 0
002479 0 375 500 0 0 0 0
004360 0 500 333 0 0 0 0
008722 0 332 500 0 0 0 0
004985 0 375 500 0 0 0 0
002036 0 325 500 0 0 0 0
002004 0 500 375 0 0 0 0
008519 0 375 500 0 0 0 0
009667 0 375 500 0 0 0 0
003818 0 335 500 0 0 0 0
002221 0 500 375 0 0 0 0
007089 0 356 500 0 0 0 0
006444 0 375 500 0 0 0 0
008670 0 500 331 0 0 0 0
000312 0 335 500 0 0 0 0
000486 0 500 375 0 0 0 0
006595 0 334 500 0 0 0 0
005185 0 375 500 0 0 0 0
000633 0 375 500 0 0 0 0
003585 0 500 333 0 0 0 0
003784 0 500 328 0 0 0 0
008628 0 500 375 0 0 0 0
003898 0 185 500 0 0 0 0
003316 0 403 500 0 0 0 0
005674 0 480 360 0 0 0 0
009422 0 334 500 0 0 0 0
008810 0 333 500 0 0 0 0
001717 0 404 500 0 0 0 0
003299 0 335 500 0 0 0 0
006718 0 375 500 0 0 0 0
004246 0 375 500 0 0 0 0
005485 0 375 500 0 0 0 0
001918 0 375 500 0 0 0 0
002875 0 375 500 0 0 0 0
006829 0 375 500 0 0 0 0
009255 0 200 257 0 0 0 0
001316 0 375 500 0 0 0 0
007073 0 375 500 0 0 0 0
007448 0 332 500 0 0 0 0
002817 0 375 500 0 0 0 0
003678 0 332 500 0 0 0 0
006835 0 375 500 0 0 0 0
004801 0 333 500 0 0 0 0
005173 0 289 500 0 0 0 0
007814 0 375 500 0 0 0 0
004509 0 500 333 0 0 0 0
006512 0 375 500 0 0 0 0
009603 0 375 500 0 0 0 0
007435 0 500 332 0 0 0 0
004169 0 500 333 0 0 0 0
003258 0 333 500 0 0 0 0
002664 0 335 500 0 0 0 0
004315 0 500 335 0 0 0 0
001689 0 500 375 0 0 0 0
003112 0 449 500 0 0 0 0
003065 0 333 500 0 0 0 0
008260 0 375 500 0 0 0 0
003963 0 375 500 0 0 0 0
003965 0 375 500 0 0 0 0
002943 0 375 500 0 0 0 0
001936 0 333 500 0 0 0 0
006131 0 375 500 0 0 0 0
001430 0 375 500 0 0 0 0
000349 0 375 500 0 0 0 0
007064 0 375 500 0 0 0 0
008191 0 375 500 0 0 0 0
004300 0 375 500 0 0 0 0
008690 0 333 500 0 0 0 0
000235 0 375 500 0 0 0 0
008713 0 333 500 0 0 0 0
003090 0 345 500 0 0 0 0
000848 0 334 500 0 0 0 0
008849 0 375 500 0 0 0 0
006161 0 333 500 0 0 0 0
009155 0 374 500 0 0 0 0
008961 0 407 500 0 0 0 0
001182 0 375 500 0 0 0 0
006849 0 375 500 0 0 0 0
000982 0 377 500 0 0 0 0
008638 0 333 500 0 0 0 0
008917 0 500 500 0 0 0 0
002047 0 375 500 0 0 0 0
004837 0 375 500 0 0 0 0
008499 0 334 500 0 0 0 0
003422 0 375 500 0 0 0 0
008971 0 294 500 0 0 0 0
006585 0 331 500 0 0 0 0
002037 0 375 500 0 0 0 0
005611 0 369 480 0 0 0 0
006055 0 375 500 0 0 0 0
001201 0 333 500 0 0 0 0
002385 0 375 500 0 0 0 0
005845 0 349 500 0 0 0 0
000770 0 375 500 0 0 0 0
001758 0 500 374 0 0 0 0
005647 0 375 500 0 0 0 0
004351 0 333 500 0 0 0 0
009884 0 375 500 0 0 0 0
005905 0 283 360 0 0 0 0
004507 0 375 500 0 0 0 0
000637 0 375 500 0 0 0 0
006667 0 375 500 0 0 0 0
008879 0 375 500 0 0 0 0
008424 0 500 333 0 0 0 0
007763 0 375 500 0 0 0 0
001215 0 375 500 0 0 0 0
006647 0 375 500 0 0 0 0
003814 0 374 500 0 0 0 0
003808 0 333 500 0 0 0 0
009565 0 375 500 0 0 0 0
007915 0 375 500 0 0 0 0
004928 0 333 500 0 0 0 0
006836 0 480 469 0 0 0 0
008005 0 375 500 0 0 0 0
006387 0 281 500 0 0 0 0
001539 0 375 500 0 0 0 0
009079 0 375 500 0 0 0 0
005672 0 500 377 0 0 0 0
005212 0 333 500 0 0 0 0
003374 0 359 480 0 0 0 0
005418 0 375 500 0 0 0 0
008885 0 500 395 0 0 0 0
001526 0 298 500 0 0 0 0
005389 0 244 432 0 0 0 0
007146 0 374 500 0 0 0 0
004058 0 500 333 0 0 0 0
000520 0 500 334 0 0 0 0
006784 0 375 500 0 0 0 0
000041 0 333 500 0 0 0 0
000682 0 375 500 0 0 0 0
005448 0 331 500 0 0 0 0
000464 0 500 375 0 0 0 0
004565 0 500 500 0 0 0 0
001509 0 500 315 0 0 0 0
006105 0 500 343 0 0 0 0
006425 0 500 339 0 0 0 0
000822 0 374 500 0 0 0 0
007538 0 375 500 0 0 0 0
001444 0 375 500 0 0 0 0
000908 0 375 500 0 0 0 0
005639 0 375 500 0 0 0 0
005393 0 333 500 0 0 0 0
006411 0 375 500 0 0 0 0
001191 0 375 500 0 0 0 0
006618 0 331 500 0 0 0 0
009034 0 375 500 0 0 0 0
007025 0 375 500 0 0 0 0
006803 0 500 400 0 0 0 0
005450 0 500 357 0 0 0 0
003690 0 375 500 0 0 0 0
003444 0 270 369 0 0 0 0
009461 0 375 500 0 0 0 0
009193 0 375 500 0 0 0 0
006547 0 500 333 0 0 0 0
007095 0 375 500 0 0 0 0
006247 0 375 500 0 0 0 0
005135 0 332 500 0 0 0 0
001481 0 375 500 0 0 0 0
006953 0 375 500 0 0 0 0
001682 0 333 500 0 0 0 0
006751 0 317 500 0 0 0 0
001175 0 375 500 0 0 0 0
006100 0 375 500 0 0 0 0
001312 0 375 500 0 0 0 0
004479 0 375 500 0 0 0 0
004258 0 375 500 0 0 0 0
009037 0 375 500 0 0 0 0
006782 0 500 333 0 0 0 0
008933 0 500 375 0 0 0 0
005752 0 375 500 0 0 0 0
002220 0 375 500 0 0 0 0
001836 0 375 500 0 0 0 0
006381 0 375 500 0 0 0 0
001269 0 333 500 0 0 0 0
003260 0 500 326 0 0 0 0
004852 0 375 500 0 0 0 0
004627 0 375 500 0 0 0 0
007869 0 332 500 0 0 0 0
002427 0 240 320 0 0 0 0
001579 0 500 375 0 0 0 0
001834 0 334 500 0 0 0 0
009417 0 375 500 0 0 0 0
001270 0 357 500 0 0 0 0
001092 0 334 500 0 0 0 0
005586 0 375 500 0 0 0 0
002935 0 235 314 0 0 0 0
007204 0 240 320 0 0 0 0
003658 0 341 500 0 0 0 0
005655 0 375 500 0 0 0 0
003392 0 375 500 0 0 0 0
009709 0 500 375 0 0 0 0
004753 0 375 500 0 0 0 0
003327 0 500 375 0 0 0 0
005889 0 375 500 0 0 0 0
005539 0 351 500 0 0 0 0
004495 0 375 500 0 0 0 0
006026 0 375 500 0 0 0 0
007704 0 356 500 0 0 0 0
007117 0 376 500 0 0 0 0
007300 0 375 500 0 0 0 0
002845 0 500 375 0 0 0 0
001273 0 500 440 0 0 0 0
004432 0 500 500 0 0 0 0
006747 0 375 500 0 0 0 0
001934 0 291 322 0 0 0 0
000499 0 375 500 0 0 0 0
003031 0 375 500 0 0 0 0
006966 0 500 375 0 0 0 0
003015 0 375 500 0 0 0 0
005327 0 375 500 0 0 0 0
001858 0 333 500 0 0 0 0
001775 0 333 500 0 0 0 0
008415 0 349 500 0 0 0 0
002869 0 333 500 0 0 0 0
005315 0 375 500 0 0 0 0
003233 0 375 500 0 0 0 0
003354 0 331 500 0 0 0 0
002786 0 332 500 0 0 0 0
003425 0 375 500 0 0 0 0
002477 0 375 500 0 0 0 0
004839 0 500 332 0 0 0 0
003177 0 500 375 0 0 0 0
006981 0 375 500 0 0 0 0
009018 0 375 500 0 0 0 0
004770 0 500 335 0 0 0 0
000949 0 500 340 0 0 0 0
001149 0 375 500 0 0 0 0
008012 0 393 500 0 0 0 0
003866 0 338 500 0 0 0 0
002444 0 375 500 0 0 0 0
001970 0 375 500 0 0 0 0
003604 0 375 500 0 0 0 0
002099 0 375 500 0 0 0 0
001460 0 333 500 0 0 0 0
002767 0 375 500 0 0 0 0
009117 0 375 500 0 0 0 0
004370 0 333 500 0 0 0 0
001467 0 375 500 0 0 0 0
002965 0 375 500 0 0 0 0
003058 0 500 396 0 0 0 0
004654 0 357 500 0 0 0 0
002838 0 321 500 0 0 0 0
006183 0 480 360 0 0 0 0
001406 0 375 500 0 0 0 0
006520 0 500 325 0 0 0 0
001451 0 334 500 0 0 0 0
001928 0 500 500 0 0 0 0
006279 0 375 500 0 0 0 0
002600 0 375 500 0 0 0 0
007048 0 332 500 0 0 0 0
009479 0 500 375 0 0 0 0
008262 0 375 500 0 0 0 0
006944 0 333 500 0 0 0 0
002405 0 431 500 0 0 0 0
003170 0 375 500 0 0 0 0
007526 0 500 332 0 0 0 0
007298 0 333 500 0 0 0 0
006001 0 375 500 0 0 0 0
008349 0 375 500 0 0 0 0
006436 0 375 500 0 0 0 0
009908 0 375 500 0 0 0 0
003564 0 335 500 0 0 0 0
008049 0 375 500 0 0 0 0
004307 0 332 500 0 0 0 0
007524 0 500 333 0 0 0 0
009926 0 375 500 0 0 0 0
003889 0 318 480 0 0 0 0
001325 0 379 500 0 0 0 0
004430 0 333 500 0 0 0 0
007457 0 333 500 0 0 0 0
005552 0 500 332 0 0 0 0
003066 0 426 500 0 0 0 0
005590 0 316 500 0 0 0 0
009063 0 334 500 0 0 0 0
003899 0 375 500 0 0 0 0
009865 0 334 500 0 0 0 0
008306 0 324 500 0 0 0 0
001887 0 375 500 0 0 0 0
001684 0 422 500 0 0 0 0
001875 0 375 500 0 0 0 0
003984 0 387 500 0 0 0 0
002755 0 375 500 0 0 0 0
004111 0 375 500 0 0 0 0
003817 0 333 500 0 0 0 0
006240 0 467 351 0 0 0 0
009236 0 318 480 0 0 0 0
002505 0 375 500 0 0 0 0
004310 0 333 500 0 0 0 0
001113 0 375 500 0 0 0 0
003779 0 465 480 0 0 0 0
001408 0 500 333 0 0 0 0
009112 0 500 375 0 0 0 0
006455 0 212 320 0 0 0 0
007162 0 375 500 0 0 0 0
007933 0 375 500 0 0 0 0
003991 0 389 500 0 0 0 0
006300 0 375 500 0 0 0 0
009168 0 333 500 0 0 0 0
003966 0 500 375 0 0 0 0
003311 0 375 500 0 0 0 0
006468 0 375 500 0 0 0 0
002934 0 500 393 0 0 0 0
001816 0 375 500 0 0 0 0
006645 0 500 332 0 0 0 0
001009 0 375 500 0 0 0 0
006972 0 333 500 0 0 0 0
004035 0 375 500 0 0 0 0
009668 0 375 500 0 0 0 0
007295 0 375 500 0 0 0 0
007914 0 500 375 0 0 0 0
004321 0 333 500 0 0 0 0
008171 0 375 500 0 0 0 0
001350 0 375 500 0 0 0 0
001833 0 375 500 0 0 0 0
008284 0 375 500 0 0 0 0
001894 0 375 500 0 0 0 0
001018 0 375 500 0 0 0 0
006170 0 334 500 0 0 0 0
009161 0 379 500 0 0 0 0
000143 0 333 500 0 0 0 0
004411 0 375 500 0 0 0 0
009457 0 375 500 0 0 0 0
002470 0 500 417 0 0 0 0
005983 0 375 500 0 0 0 0
008953 0 500 332 0 0 0 0
000158 0 375 500 0 0 0 0
002020 0 333 500 0 0 0 0
006860 0 333 500 0 0 0 0
008876 0 333 500 0 0 0 0
009950 0 332 500 0 0 0 0
003280 0 333 500 0 0 0 0
006523 0 375 500 0 0 0 0
003727 0 500 333 0 0 0 0
006004 0 500 333 0 0 0 0
007244 0 375 500 0 0 0 0
009192 0 375 500 0 0 0 0
008999 0 375 500 0 0 0 0
006867 0 269 360 0 0 0 0
009433 0 354 500 0 0 0 0
004010 0 418 500 0 0 0 0
008602 0 375 500 0 0 0 0
006864 0 334 500 0 0 0 0
003871 0 500 333 0 0 0 0
009546 0 500 375 0 0 0 0
006852 0 281 500 0 0 0 0
002710 0 331 500 0 0 0 0
008759 0 375 500 0 0 0 0
006270 0 375 500 0 0 0 0
007841 0 375 500 0 0 0 0
008452 0 369 500 0 0 0 0
009756 0 375 500 0 0 0 0
004785 0 331 500 0 0 0 0
009764 0 375 500 0 0 0 0
005263 0 375 500 0 0 0 0
004014 0 500 375 0 0 0 0
009129 0 333 500 0 0 0 0
008252 0 375 500 0 0 0 0
003023 0 500 381 0 0 0 0
006564 0 332 500 0 0 0 0
001733 0 500 500 0 0 0 0
005773 0 497 434 0 0 0 0
000125 0 375 500 0 0 0 0
001326 0 375 500 0 0 0 0
002879 0 375 500 0 0 0 0
009334 0 375 500 0 0 0 0
007088 0 333 500 0 0 0 0
006690 0 333 500 0 0 0 0
008757 0 375 500 0 0 0 0
002088 0 332 500 0 0 0 0
003223 0 500 375 0 0 0 0
003629 0 375 500 0 0 0 0
005873 0 500 333 0 0 0 0
008723 0 334 500 0 0 0 0
004120 0 333 500 0 0 0 0
005445 0 500 375 0 0 0 0
006671 0 375 500 0 0 0 0
002564 0 333 500 0 0 0 0
007688 0 375 500 0 0 0 0
007798 0 500 375 0 0 0 0
008307 0 367 480 0 0 0 0
004102 0 375 500 0 0 0 0
002696 0 500 400 0 0 0 0
005895 0 375 500 0 0 0 0
009749 0 500 369 0 0 0 0
005554 0 333 500 0 0 0 0
008386 0 375 500 0 0 0 0
005818 0 375 500 0 0 0 0
003783 0 500 375 0 0 0 0
006761 0 375 500 0 0 0 0
007611 0 375 500 0 0 0 0
002366 0 375 500 0 0 0 0
007506 0 375 500 0 0 0 0
001413 0 375 500 0 0 0 0
002762 0 375 500 0 0 0 0
008498 0 358 500 0 0 0 0
003178 0 375 500 0 0 0 0
007683 0 375 500 0 0 0 0
002987 0 334 500 0 0 0 0
009918 0 333 500 0 0 0 0
002132 0 375 500 0 0 0 0
009579 0 500 375 0 0 0 0
009419 0 333 500 0 0 0 0
004535 0 445 480 0 0 0 0
005175 0 375 500 0 0 0 0
003244 0 375 500 0 0 0 0
007351 0 375 500 0 0 0 0
000498 0 500 326 0 0 0 0
009881 0 339 500 0 0 0 0
006285 0 332 500 0 0 0 0
009896 0 375 500 0 0 0 0
006833 0 375 500 0 0 0 0
000892 0 375 500 0 0 0 0
004484 0 375 500 0 0 0 0
001168 0 375 500 0 0 0 0
000702 0 375 500 0 0 0 0
003921 0 375 500 0 0 0 0
000232 0 375 500 0 0 0 0
002256 0 375 500 0 0 0 0
004686 0 322 500 0 0 0 0
002561 0 375 500 0 0 0 0
007655 0 357 500 0 0 0 0
001800 0 500 375 0 0 0 0
004168 0 439 500 0 0 0 0
009816 0 375 500 0 0 0 0
007071 0 333 500 0 0 0 0
002910 0 375 500 0 0 0 0
002815 0 500 333 0 0 0 0
003932 0 500 375 0 0 0 0
007174 0 334 500 0 0 0 0
003284 0 375 500 0 0 0 0
005507 0 375 500 0 0 0 0
003679 0 332 500 0 0 0 0
006282 0 334 500 0 0 0 0
005269 0 395 500 0 0 0 0
002796 0 500 332 0 0 0 0
003947 0 500 375 0 0 0 0
006935 0 500 333 0 0 0 0
002670 0 500 375 0 0 0 0
006948 0 375 500 0 0 0 0
007809 0 375 500 0 0 0 0
005541 0 375 500 0 0 0 0
007618 0 500 375 0 0 0 0
006339 0 375 500 0 0 0 0
005743 0 258 258 0 0 0 0
006602 0 500 356 0 0 0 0
009670 0 262 500 0 0 0 0
007696 0 375 500 0 0 0 0
006962 0 375 500 0 0 0 0
000589 0 375 500 0 0 0 0
006136 0 332 500 0 0 0 0
009160 0 333 500 0 0 0 0
002146 0 500 375 0 0 0 0
006703 0 500 334 0 0 0 0
007974 0 375 500 0 0 0 0
004291 0 500 375 0 0 0 0
000468 0 500 333 0 0 0 0
005024 0 375 500 0 0 0 0
000526 0 333 500 0 0 0 0
001799 0 392 500 0 0 0 0
003470 0 500 333 0 0 0 0
007489 0 395 500 0 0 0 0
009587 0 375 500 0 0 0 0
009249 0 375 500 0 0 0 0
000130 0 375 500 0 0 0 0
003396 0 344 500 0 0 0 0
003098 0 352 500 0 0 0 0
009440 0 375 500 0 0 0 0
000187 0 375 500 0 0 0 0
005825 0 333 500 0 0 0 0
003919 0 375 500 0 0 0 0
003759 0 375 500 0 0 0 0
000113 0 332 500 0 0 0 0
000661 0 375 500 0 0 0 0
002117 0 500 375 0 0 0 0
001266 0 332 500 0 0 0 0
000190 0 375 500 0 0 0 0
007795 0 375 500 0 0 0 0
009197 0 376 500 0 0 0 0
005519 0 489 500 0 0 0 0
005728 0 322 500 0 0 0 0
000552 0 331 500 0 0 0 0
005817 0 375 500 0 0 0 0
002462 0 375 500 0 0 0 0
003648 0 375 500 0 0 0 0
007947 0 333 500 0 0 0 0
007687 0 346 500 0 0 0 0
000774 0 313 500 0 0 0 0
005563 0 375 500 0 0 0 0
001724 0 315 275 0 0 0 0
007685 0 375 500 0 0 0 0
007571 0 375 500 0 0 0 0
008272 0 375 500 0 0 0 0
002637 0 375 500 0 0 0 0
008542 0 500 371 0 0 0 0
005420 0 500 445 0 0 0 0
008815 0 375 500 0 0 0 0
005108 0 281 500 0 0 0 0
002585 0 331 500 0 0 0 0
003856 0 370 500 0 0 0 0
001077 0 375 500 0 0 0 0
004907 0 333 500 0 0 0 0
002265 0 500 333 0 0 0 0
006162 0 333 500 0 0 0 0
006603 0 500 330 0 0 0 0
001723 0 500 333 0 0 0 0
001365 0 331 500 0 0 0 0
006437 0 332 500 0 0 0 0
008173 0 333 500 0 0 0 0
007954 0 334 500 0 0 0 0
009036 0 405 500 0 0 0 0
001548 0 375 500 0 0 0 0
006000 0 500 489 0 0 0 0
000632 0 375 500 0 0 0 0
006786 0 375 500 0 0 0 0
006859 0 372 500 0 0 0 0
006159 0 500 375 0 0 0 0
000244 0 333 500 0 0 0 0
008773 0 375 500 0 0 0 0
003308 0 500 375 0 0 0 0
007432 0 375 500 0 0 0 0
005408 0 300 400 0 0 0 0
003749 0 375 500 0 0 0 0
009099 0 375 500 0 0 0 0
002191 0 375 500 0 0 0 0
002732 0 400 500 0 0 0 0
009173 0 500 375 0 0 0 0
009245 0 375 500 0 0 0 0
004396 0 375 500 0 0 0 0
009940 0 375 500 0 0 0 0
003254 0 375 500 0 0 0 0
005636 0 500 332 0 0 0 0
003714 0 375 500 0 0 0 0
001593 0 500 423 0 0 0 0
008281 0 500 375 0 0 0 0
001362 0 500 333 0 0 0 0
007042 0 375 500 0 0 0 0
002129 0 379 500 0 0 0 0
003415 0 374 500 0 0 0 0
009797 0 333 500 0 0 0 0
003546 0 375 500 0 0 0 0
008983 0 203 500 0 0 0 0
006419 0 500 333 0 0 0 0
003407 0 375 500 0 0 0 0
009476 0 400 500 0 0 0 0
001768 0 500 375 0 0 0 0
003350 0 334 500 0 0 0 0
000524 0 322 500 0 0 0 0
007223 0 333 500 0 0 0 0
006983 0 333 500 0 0 0 0
004390 0 333 500 0 0 0 0
006543 0 333 500 0 0 0 0
004189 0 333 500 0 0 0 0
000081 0 333 500 0 0 0 0
000857 0 375 500 0 0 0 0
000816 0 500 500 0 0 0 0
005685 0 500 375 0 0 0 0
001685 0 375 500 0 0 0 0
000711 0 375 500 0 0 0 0
003662 0 500 333 0 0 0 0
004886 0 375 500 0 0 0 0
001485 0 333 500 0 0 0 0
008427 0 333 500 0 0 0 0
007373 0 375 500 0 0 0 0
004122 0 500 375 0 0 0 0
008541 0 336 500 0 0 0 0
006065 0 375 500 0 0 0 0
009526 0 500 375 0 0 0 0
004312 0 375 500 0 0 0 0
008250 0 375 500 0 0 0 0
008756 0 375 500 0 0 0 0
002938 0 321 500 0 0 0 0
003872 0 375 500 0 0 0 0
004490 0 375 500 0 0 0 0
008764 0 500 400 0 0 0 0
004694 0 500 252 0 0 0 0
001154 0 375 500 0 0 0 0
005630 0 288 352 0 0 0 0
005881 0 371 500 0 0 0 0
001898 0 500 374 0 0 0 0
005138 0 445 500 0 0 0 0
006233 0 375 500 0 0 0 0
009290 0 333 500 0 0 0 0
000946 0 375 500 0 0 0 0
001673 0 375 500 0 0 0 0
005975 0 333 500 0 0 0 0
007749 0 375 500 0 0 0 0
003455 0 333 500 0 0 0 0
001078 0 375 500 0 0 0 0
001375 0 410 500 0 0 0 0
002401 0 500 333 0 0 0 0
008988 0 375 500 0 0 0 0
000791 0 332 500 0 0 0 0
004611 0 375 500 0 0 0 0
002140 0 500 375 0 0 0 0
005964 0 333 500 0 0 0 0
004562 0 500 375 0 0 0 0
006637 0 375 500 0 0 0 0
003150 0 375 500 0 0 0 0
003709 0 375 500 0 0 0 0
009273 0 375 500 0 0 0 0
005515 0 500 375 0 0 0 0
008203 0 375 500 0 0 0 0
001263 0 375 500 0 0 0 0
008926 0 413 500 0 0 0 0
000110 0 375 500 0 0 0 0
004364 0 332 500 0 0 0 0
008814 0 332 500 0 0 0 0
008766 0 500 335 0 0 0 0
008831 0 437 500 0 0 0 0
008557 0 335 500 0 0 0 0
004846 0 338 500 0 0 0 0
000707 0 500 375 0 0 0 0
001490 0 333 500 0 0 0 0
003890 0 500 374 0 0 0 0
006949 0 333 500 0 0 0 0
004679 0 375 500 0 0 0 0
003667 0 500 448 0 0 0 0
006071 0 332 500 0 0 0 0
006483 0 377 500 0 0 0 0
001127 0 375 500 0 0 0 0
007664 0 375 500 0 0 0 0
006295 0 375 500 0 0 0 0
000865 0 375 500 0 0 0 0
004706 0 357 500 0 0 0 0
000214 0 375 500 0 0 0 0
001714 0 500 332 0 0 0 0
000902 0 399 500 0 0 0 0
002992 0 500 333 0 0 0 0
009224 0 500 375 0 0 0 0
008738 0 333 500 0 0 0 0
002192 0 375 500 0 0 0 0
008702 0 375 500 0 0 0 0
000165 0 386 500 0 0 0 0
002924 0 322 500 0 0 0 0
001981 0 375 500 0 0 0 0
001603 0 333 500 0 0 0 0
004826 0 375 500 0 0 0 0
007470 0 333 500 0 0 0 0
009323 0 375 500 0 0 0 0
004424 0 500 375 0 0 0 0
005631 0 500 375 0 0 0 0
005062 0 375 500 0 0 0 0
001522 0 375 500 0 0 0 0
006177 0 375 500 0 0 0 0
006943 0 375 500 0 0 0 0
007740 0 375 500 0 0 0 0
000746 0 333 500 0 0 0 0
001608 0 375 500 0 0 0 0
005245 0 375 500 0 0 0 0
006910 0 335 500 0 0 0 0
007416 0 349 500 0 0 0 0
008036 0 333 500 0 0 0 0
000752 0 332 500 0 0 0 0
005568 0 375 500 0 0 0 0
007833 0 332 500 0 0 0 0
008313 0 375 500 0 0 0 0
002513 0 375 500 0 0 0 0
002006 0 375 500 0 0 0 0
004283 0 500 375 0 0 0 0
000805 0 500 375 0 0 0 0
008064 0 333 500 0 0 0 0
007517 0 500 333 0 0 0 0
007767 0 333 500 0 0 0 0
005385 0 336 500 0 0 0 0
006061 0 375 500 0 0 0 0
008083 0 300 400 0 0 0 0
001104 0 334 500 0 0 0 0
009494 0 333 500 0 0 0 0
007859 0 337 500 0 0 0 0
007177 0 500 333 0 0 0 0
002465 0 375 500 0 0 0 0
007491 0 375 500 0 0 0 0
006352 0 375 500 0 0 0 0
002605 0 333 500 0 0 0 0
002774 0 375 500 0 0 0 0
007130 0 375 500 0 0 0 0
007909 0 210 270 0 0 0 0
000042 0 335 500 0 0 0 0
001323 0 375 500 0 0 0 0
009523 0 375 500 0 0 0 0
002508 0 333 500 0 0 0 0
007311 0 375 500 0 0 0 0
007639 0 500 375 0 0 0 0
006917 0 375 500 0 0 0 0
002547 0 375 500 0 0 0 0
004723 0 375 500 0 0 0 0
005236 0 375 500 0 0 0 0
004842 0 333 500 0 0 0 0
006304 0 333 500 0 0 0 0
007437 0 333 500 0 0 0 0
001922 0 400 500 0 0 0 0
008275 0 357 500 0 0 0 0
006241 0 375 500 0 0 0 0
004347 0 333 500 0 0 0 0
007619 0 333 500 0 0 0 0
009408 0 357 500 0 0 0 0
009458 0 500 473 0 0 0 0
006597 0 384 500 0 0 0 0
005258 0 375 500 0 0 0 0
007873 0 375 500 0 0 0 0
000112 0 500 333 0 0 0 0
007009 0 296 432 0 0 0 0
003946 0 500 333 0 0 0 0
009654 0 500 333 0 0 0 0
001557 0 139 500 0 0 0 0
000667 0 500 434 0 0 0 0
001106 0 375 500 0 0 0 0
009239 0 333 500 0 0 0 0
005257 0 333 500 0 0 0 0
008310 0 335 500 0 0 0 0
000820 0 375 500 0 0 0 0
003236 0 375 500 0 0 0 0
006727 0 375 500 0 0 0 0
006968 0 375 500 0 0 0 0
003164 0 375 500 0 0 0 0
004496 0 333 500 0 0 0 0
003548 0 375 500 0 0 0 0
000269 0 332 500 0 0 0 0
006252 0 375 500 0 0 0 0
005478 0 500 376 0 0 0 0
004896 0 332 500 0 0 0 0
000814 0 500 348 0 0 0 0
008453 0 400 500 0 0 0 0
003868 0 375 500 0 0 0 0
001293 0 492 500 0 0 0 0
005340 0 294 470 0 0 0 0
002001 0 375 500 0 0 0 0
007713 0 331 500 0 0 0 0
001397 0 500 333 0 0 0 0
002567 0 375 500 0 0 0 0
009382 0 500 333 0 0 0 0
000363 0 333 500 0 0 0 0
000331 0 500 375 0 0 0 0
000304 0 500 375 0 0 0 0
007886 0 466 500 0 0 0 0
006187 0 500 375 0 0 0 0
002718 0 375 500 0 0 0 0
004379 0 375 500 0 0 0 0
002253 0 385 500 0 0 0 0
009085 0 333 500 0 0 0 0
001043 0 333 500 0 0 0 0
008209 0 490 500 0 0 0 0
005600 0 335 500 0 0 0 0
000854 0 375 500 0 0 0 0
006447 0 233 310 0 0 0 0
001064 0 216 320 0 0 0 0
006338 0 307 500 0 0 0 0
001594 0 333 500 0 0 0 0
007568 0 375 500 0 0 0 0
005930 0 290 500 0 0 0 0
004768 0 375 500 0 0 0 0
005522 0 375 500 0 0 0 0
001214 0 375 500 0 0 0 0
004537 0 388 500 0 0 0 0
003102 0 500 333 0 0 0 0
002387 0 375 500 0 0 0 0
000435 0 332 500 0 0 0 0
007781 0 375 500 0 0 0 0
003262 0 375 500 0 0 0 0
001184 0 375 500 0 0 0 0
006958 0 500 333 0 0 0 0
009647 0 375 500 0 0 0 0
001277 0 332 500 0 0 0 0
006850 0 500 390 0 0 0 0
007679 0 362 500 0 0 0 0
000733 0 435 450 0 0 0 0
003210 0 480 351 0 0 0 0
001028 0 500 406 0 0 0 0
006462 0 500 375 0 0 0 0
000359 0 500 432 0 0 0 0
006912 0 375 500 0 0 0 0
009138 0 375 500 0 0 0 0
008644 0 350 500 0 0 0 0
008365 0 332 500 0 0 0 0
006990 0 375 500 0 0 0 0
006919 0 375 500 0 0 0 0
009032 0 375 500 0 0 0 0
006631 0 327 500 0 0 0 0
004797 0 333 500 0 0 0 0
006773 0 375 500 0 0 0 0
000340 0 375 500 0 0 0 0
003953 0 500 375 0 0 0 0
008398 0 375 500 0 0 0 0
002255 0 336 392 0 0 0 0
001999 0 375 500 0 0 0 0
003748 0 375 500 0 0 0 0
008151 0 375 500 0 0 0 0
008301 0 500 375 0 0 0 0
004527 0 500 500 0 0 0 0
005992 0 375 500 0 0 0 0
005337 0 223 500 0 0 0 0
003183 0 375 500 0 0 0 0
005687 0 333 500 0 0 0 0
004192 0 375 500 0 0 0 0
002480 0 375 500 0 0 0 0
003640 0 375 500 0 0 0 0
006698 0 375 500 0 0 0 0
002893 0 375 500 0 0 0 0
007754 0 375 500 0 0 0 0
004574 0 500 334 0 0 0 0
009327 0 500 334 0 0 0 0
009016 0 500 375 0 0 0 0
008423 0 322 500 0 0 0 0
001441 0 376 500 0 0 0 0
002859 0 375 500 0 0 0 0
005859 0 375 500 0 0 0 0
000141 0 423 500 0 0 0 0
003694 0 333 500 0 0 0 0
005451 0 500 375 0 0 0 0
003477 0 375 500 0 0 0 0
006569 0 229 500 0 0 0 0
007438 0 500 329 0 0 0 0
000123 0 375 500 0 0 0 0
005704 0 375 500 0 0 0 0
005812 0 334 500 0 0 0 0
009500 0 374 500 0 0 0 0
009337 0 349 500 0 0 0 0
006216 0 375 500 0 0 0 0
002155 0 333 500 0 0 0 0
002371 0 357 500 0 0 0 0
003093 0 375 500 0 0 0 0
003408 0 375 500 0 0 0 0
002251 0 375 500 0 0 0 0
001586 0 398 480 0 0 0 0
005613 0 375 500 0 0 0 0
003186 0 332 500 0 0 0 0
004256 0 323 500 0 0 0 0
000872 0 375 500 0 0 0 0
006020 0 375 500 0 0 0 0
003740 0 375 500 0 0 0 0
007180 0 500 375 0 0 0 0
006319 0 375 500 0 0 0 0
009371 0 333 500 0 0 0 0
007758 0 387 500 0 0 0 0
009611 0 375 500 0 0 0 0
001230 0 399 500 0 0 0 0
004468 0 500 174 0 0 0 0
002471 0 375 500 0 0 0 0
005307 0 375 500 0 0 0 0
002285 0 333 500 0 0 0 0
003754 0 357 500 0 0 0 0
004612 0 332 500 0 0 0 0
005470 0 500 375 0 0 0 0
002864 0 375 500 0 0 0 0
005453 0 333 500 0 0 0 0
007901 0 500 375 0 0 0 0
009600 0 375 500 0 0 0 0
006221 0 375 500 0 0 0 0
007411 0 432 500 0 0 0 0
003142 0 375 500 0 0 0 0
009202 0 480 460 0 0 0 0
001940 0 500 333 0 0 0 0
009296 0 375 500 0 0 0 0
007029 0 375 500 0 0 0 0
000597 0 375 500 0 0 0 0
001941 0 375 500 0 0 0 0
007165 0 500 375 0 0 0 0
005971 0 333 500 0 0 0 0
007649 0 375 500 0 0 0 0
005923 0 375 500 0 0 0 0
004397 0 500 377 0 0 0 0
004012 0 500 375 0 0 0 0
006482 0 375 500 0 0 0 0
009805 0 375 500 0 0 0 0
005150 0 400 500 0 0 0 0
003796 0 375 500 0 0 0 0
004735 0 375 500 0 0 0 0
008317 0 375 500 0 0 0 0
004446 0 375 500 0 0 0 0
009958 0 333 500 0 0 0 0
001948 0 333 500 0 0 0 0
007059 0 375 500 0 0 0 0
002070 0 189 500 0 0 0 0
005145 0 500 333 0 0 0 0
002112 0 500 375 0 0 0 0
003614 0 375 500 0 0 0 0
002933 0 341 500 0 0 0 0
003107 0 500 332 0 0 0 0
007466 0 331 500 0 0 0 0
006341 0 500 375 0 0 0 0
003429 0 351 480 0 0 0 0
002441 0 375 500 0 0 0 0
006180 0 288 352 0 0 0 0
002763 0 375 500 0 0 0 0
005217 0 335 500 0 0 0 0
009562 0 500 357 0 0 0 0
009516 0 500 375 0 0 0 0
005319 0 500 428 0 0 0 0
001315 0 400 300 0 0 0 0
002912 0 500 375 0 0 0 0
001964 0 375 500 0 0 0 0
005985 0 500 354 0 0 0 0
001755 0 333 500 0 0 0 0
002611 0 375 500 0 0 0 0
008069 0 375 500 0 0 0 0
006066 0 333 500 0 0 0 0
007449 0 375 500 0 0 0 0
009897 0 375 500 0 0 0 0
000777 0 333 500 0 0 0 0
006687 0 357 500 0 0 0 0
007323 0 500 228 0 0 0 0
005405 0 500 375 0 0 0 0
005909 0 375 500 0 0 0 0
003609 0 270 360 0 0 0 0
006730 0 375 500 0 0 0 0
008588 0 375 500 0 0 0 0
009131 0 375 500 0 0 0 0
001756 0 500 375 0 0 0 0
005006 0 500 375 0 0 0 0
005171 0 313 500 0 0 0 0
004692 0 500 375 0 0 0 0
000322 0 332 500 0 0 0 0
009354 0 500 335 0 0 0 0
000121 0 375 500 0 0 0 0
009330 0 375 500 0 0 0 0
001541 0 332 500 0 0 0 0
003961 0 500 375 0 0 0 0
005799 0 375 500 0 0 0 0
006234 0 375 500 0 0 0 0
009724 0 375 500 0 0 0 0
004607 0 375 500 0 0 0 0
002990 0 375 500 0 0 0 0
008017 0 333 500 0 0 0 0
000073 0 500 375 0 0 0 0
001577 0 375 500 0 0 0 0
001785 0 333 500 0 0 0 0
009541 0 500 375 0 0 0 0
000675 0 335 500 0 0 0 0
009504 0 500 480 0 0 0 0
009735 0 500 333 0 0 0 0
001797 0 375 500 0 0 0 0
007946 0 375 500 0 0 0 0
001383 0 375 500 0 0 0 0
006924 0 500 334 0 0 0 0
009343 0 334 500 0 0 0 0
002049 0 315 500 0 0 0 0
004948 0 375 500 0 0 0 0
008905 0 375 500 0 0 0 0
002392 0 375 500 0 0 0 0
000228 0 333 500 0 0 0 0
001224 0 333 500 0 0 0 0
006190 0 312 500 0 0 0 0
002962 0 334 500 0 0 0 0
003521 0 375 500 0 0 0 0
008806 0 375 500 0 0 0 0
001420 0 332 500 0 0 0 0
008522 0 333 500 0 0 0 0
004193 0 375 500 0 0 0 0
009464 0 375 500 0 0 0 0
006141 0 500 375 0 0 0 0
009781 0 375 500 0 0 0 0
001708 0 369 500 0 0 0 0
007213 0 375 500 0 0 0 0
001053 0 500 323 0 0 0 0
005461 0 375 500 0 0 0 0
007109 0 332 500 0 0 0 0
004129 0 375 500 0 0 0 0
009459 0 353 500 0 0 0 0
009939 0 375 500 0 0 0 0
005033 0 379 500 0 0 0 0
002202 0 364 500 0 0 0 0
007365 0 332 500 0 0 0 0
002015 0 375 500 0 0 0 0
009359 0 281 500 0 0 0 0
005535 0 375 500 0 0 0 0
006070 0 500 500 0 0 0 0
002760 0 333 500 0 0 0 0
002308 0 500 375 0 0 0 0
003082 0 407 500 0 0 0 0
005191 0 375 500 0 0 0 0
001854 0 499 333 0 0 0 0
006135 0 332 500 0 0 0 0
002842 0 332 500 0 0 0 0
008931 0 374 500 0 0 0 0
008494 0 375 500 0 0 0 0
000958 0 300 400 0 0 0 0
001545 0 375 500 0 0 0 0
008112 0 298 500 0 0 0 0
000266 0 500 375 0 0 0 0
006445 0 480 443 0 0 0 0
001971 0 375 500 0 0 0 0
007923 0 235 500 0 0 0 0
005153 0 375 500 0 0 0 0
005424 0 500 326 0 0 0 0
002749 0 375 500 0 0 0 0
007939 0 500 375 0 0 0 0
007381 0 500 417 0 0 0 0
009726 0 375 500 0 0 0 0
007987 0 375 500 0 0 0 0
000810 0 375 500 0 0 0 0
001523 0 375 500 0 0 0 0
009445 0 375 500 0 0 0 0
009439 0 375 500 0 0 0 0
007166 0 500 333 0 0 0 0
006681 0 375 500 0 0 0 0
004152 0 500 375 0 0 0 0
003169 0 375 500 0 0 0 0
004841 0 375 500 0 0 0 0
005338 0 375 500 0 0 0 0
006611 0 500 332 0 0 0 0
005496 0 346 500 0 0 0 0
002300 0 375 500 0 0 0 0
008300 0 333 500 0 0 0 0
005325 0 375 500 0 0 0 0
000929 0 375 500 0 0 0 0
004878 0 375 500 0 0 0 0
007011 0 375 500 0 0 0 0
002653 0 375 500 0 0 0 0
002785 0 333 500 0 0 0 0
006111 0 375 500 0 0 0 0
007375 0 375 500 0 0 0 0
002332 0 375 500 0 0 0 0
006260 0 375 500 0 0 0 0
005856 0 375 500 0 0 0 0
001225 0 500 387 0 0 0 0
009573 0 337 500 0 0 0 0
007144 0 375 500 0 0 0 0
004856 0 500 368 0 0 0 0
000796 0 375 500 0 0 0 0
006909 0 375 500 0 0 0 0
007845 0 400 500 0 0 0 0
006448 0 375 500 0 0 0 0
003496 0 333 500 0 0 0 0
002260 0 330 500 0 0 0 0
001041 0 375 500 0 0 0 0
007935 0 375 500 0 0 0 0
004977 0 375 500 0 0 0 0
002165 0 500 331 0 0 0 0
002361 0 500 375 0 0 0 0
004076 0 375 500 0 0 0 0
006470 0 452 500 0 0 0 0
002820 0 371 500 0 0 0 0
001240 0 375 500 0 0 0 0
007543 0 375 500 0 0 0 0
000308 0 375 500 0 0 0 0
007493 0 375 500 0 0 0 0
005370 0 333 500 0 0 0 0
006179 0 333 500 0 0 0 0
008790 0 327 500 0 0 0 0
009681 0 375 500 0 0 0 0
003774 0 375 500 0 0 0 0
004656 0 500 375 0 0 0 0
007675 0 333 500 0 0 0 0
002352 0 198 500 0 0 0 0
001864 0 375 500 0 0 0 0
001176 0 375 500 0 0 0 0
003039 0 375 500 0 0 0 0
005875 0 375 500 0 0 0 0
000815 0 374 500 0 0 0 0
003320 0 333 500 0 0 0 0
002376 0 333 500 0 0 0 0
002775 0 500 375 0 0 0 0
005658 0 500 375 0 0 0 0
000834 0 375 500 0 0 0 0
008967 0 333 500 0 0 0 0
003926 0 500 339 0 0 0 0
005641 0 375 500 0 0 0 0
008639 0 375 500 0 0 0 0
002362 0 375 500 0 0 0 0
009497 0 375 500 0 0 0 0
003948 0 224 320 0 0 0 0
006810 0 375 500 0 0 0 0
002855 0 375 500 0 0 0 0
003072 0 333 500 0 0 0 0
008370 0 500 417 0 0 0 0
007292 0 375 500 0 0 0 0
009499 0 500 339 0 0 0 0
003760 0 375 500 0 0 0 0
000549 0 500 375 0 0 0 0
003792 0 338 500 0 0 0 0
004376 0 374 500 0 0 0 0
005121 0 333 500 0 0 0 0
009114 0 212 320 0 0 0 0
004788 0 388 480 0 0 0 0
006284 0 333 500 0 0 0 0
009279 0 426 500 0 0 0 0
001015 0 333 500 0 0 0 0
009004 0 334 500 0 0 0 0
000689 0 353 500 0 0 0 0
005136 0 375 500 0 0 0 0
007077 0 332 500 0 0 0 0
001632 0 375 500 0 0 0 0
003923 0 333 500 0 0 0 0
008355 0 378 500 0 0 0 0
007624 0 375 500 0 0 0 0
006855 0 500 312 0 0 0 0
003912 0 394 500 0 0 0 0
002194 0 333 500 0 0 0 0
009684 0 375 500 0 0 0 0
002889 0 333 500 0 0 0 0
009295 0 375 500 0 0 0 0
001977 0 310 500 0 0 0 0
006488 0 425 500 0 0 0 0
006181 0 375 500 0 0 0 0
004812 0 362 500 0 0 0 0
002702 0 500 333 0 0 0 0
007629 0 375 500 0 0 0 0
004991 0 375 500 0 0 0 0
004500 0 360 480 0 0 0 0
006046 0 332 500 0 0 0 0
007236 0 332 500 0 0 0 0
008374 0 375 500 0 0 0 0
008024 0 375 500 0 0 0 0
008142 0 332 500 0 0 0 0
009324 0 331 500 0 0 0 0
003846 0 333 500 0 0 0 0
004052 0 319 500 0 0 0 0
009432 0 332 500 0 0 0 0
004542 0 376 500 0 0 0 0
009719 0 413 500 0 0 0 0
003118 0 333 500 0 0 0 0
004195 0 375 500 0 0 0 0
002520 0 332 500 0 0 0 0
003511 0 332 500 0 0 0 0
004121 0 332 500 0 0 0 0
007900 0 375 500 0 0 0 0
002699 0 375 500 0 0 0 0
000598 0 344 500 0 0 0 0
005803 0 375 500 0 0 0 0
002186 0 375 500 0 0 0 0
009859 0 333 500 0 0 0 0
005203 0 375 500 0 0 0 0
008592 0 429 500 0 0 0 0
006945 0 500 333 0 0 0 0
004682 0 375 500 0 0 0 0
004455 0 333 500 0 0 0 0
002867 0 500 374 0 0 0 0
005434 0 320 212 0 0 0 0
004466 0 375 500 0 0 0 0
001713 0 435 500 0 0 0 0
004296 0 500 375 0 0 0 0
006337 0 333 500 0 0 0 0
008387 0 375 500 0 0 0 0
009089 0 500 375 0 0 0 0
009778 0 375 500 0 0 0 0
002976 0 500 251 0 0 0 0
002039 0 332 500 0 0 0 0
004905 0 333 500 0 0 0 0
007897 0 324 500 0 0 0 0
002452 0 375 500 0 0 0 0
003729 0 375 500 0 0 0 0
002063 0 500 375 0 0 0 0
007697 0 500 332 0 0 0 0
008568 0 375 500 0 0 0 0
001327 0 500 375 0 0 0 0
002545 0 500 375 0 0 0 0
000203 0 333 500 0 0 0 0
006565 0 373 500 0 0 0 0
002870 0 333 500 0 0 0 0
002415 0 500 332 0 0 0 0
009540 0 333 500 0 0 0 0
000491 0 334 500 0 0 0 0
003229 0 375 500 0 0 0 0
007864 0 333 500 0 0 0 0
009685 0 375 500 0 0 0 0
001450 0 331 500 0 0 0 0
001289 0 309 500 0 0 0 0
008725 0 375 500 0 0 0 0
006208 0 375 500 0 0 0 0
004967 0 357 500 0 0 0 0
008413 0 375 500 0 0 0 0
008244 0 375 500 0 0 0 0
000095 0 323 500 0 0 0 0
006765 0 500 376 0 0 0 0
005346 0 330 500 0 0 0 0
005016 0 333 500 0 0 0 0
003293 0 500 333 0 0 0 0
000831 0 500 335 0 0 0 0
001345 0 375 500 0 0 0 0
008189 0 375 500 0 0 0 0
002858 0 500 333 0 0 0 0
008125 0 500 335 0 0 0 0
002717 0 375 500 0 0 0 0
007465 0 375 500 0 0 0 0
005779 0 332 500 0 0 0 0
003074 0 333 500 0 0 0 0
006429 0 500 332 0 0 0 0
007626 0 333 500 0 0 0 0
005058 0 375 500 0 0 0 0
007113 0 400 127 0 0 0 0
008942 0 375 500 0 0 0 0
008072 0 325 450 0 0 0 0
007275 0 224 300 0 0 0 0
001045 0 500 375 0 0 0 0
008299 0 404 304 0 0 0 0
000428 0 414 500 0 0 0 0
006529 0 375 500 0 0 0 0
006456 0 375 500 0 0 0 0
008948 0 375 500 0 0 0 0
008701 0 375 500 0 0 0 0
005304 0 400 500 0 0 0 0
008799 0 375 500 0 0 0 0
009270 0 335 500 0 0 0 0
004025 0 333 500 0 0 0 0
002166 0 337 500 0 0 0 0
008029 0 333 500 0 0 0 0
005559 0 375 500 0 0 0 0
001612 0 333 500 0 0 0 0
009268 0 500 375 0 0 0 0
000868 0 375 500 0 0 0 0
007212 0 333 500 0 0 0 0
001042 0 375 500 0 0 0 0
005877 0 333 500 0 0 0 0
002621 0 375 500 0 0 0 0
002881 0 500 500 0 0 0 0
001711 0 375 500 0 0 0 0
006753 0 500 332 0 0 0 0
008985 0 500 375 0 0 0 0
004693 0 333 500 0 0 0 0
007219 0 500 375 0 0 0 0
004274 0 375 500 0 0 0 0
000525 0 331 500 0 0 0 0
009230 0 375 500 0 0 0 0
001789 0 375 500 0 0 0 0
009481 0 375 500 0 0 0 0
005919 0 354 500 0 0 0 0
000140 0 401 500 0 0 0 0
004356 0 375 500 0 0 0 0
000147 0 333 500 0 0 0 0
007742 0 325 500 0 0 0 0
001068 0 332 500 0 0 0 0
005686 0 371 500 0 0 0 0
006575 0 500 375 0 0 0 0
007503 0 375 500 0 0 0 0
008222 0 500 333 0 0 0 0
003945 0 334 500 0 0 0 0
003937 0 333 500 0 0 0 0
009221 0 333 500 0 0 0 0
004423 0 375 500 0 0 0 0
002648 0 375 500 0 0 0 0
004023 0 375 500 0 0 0 0
007984 0 374 500 0 0 0 0
006222 0 500 375 0 0 0 0
000879 0 375 500 0 0 0 0
002834 0 488 500 0 0 0 0
001920 0 375 500 0 0 0 0
003996 0 375 500 0 0 0 0
005114 0 322 500 0 0 0 0
005952 0 375 500 0 0 0 0
008051 0 375 500 0 0 0 0
009312 0 375 500 0 0 0 0
008295 0 321 500 0 0 0 0
002706 0 333 500 0 0 0 0
009664 0 500 375 0 0 0 0
006911 0 480 441 0 0 0 0
007824 0 333 500 0 0 0 0
003576 0 265 500 0 0 0 0
000919 0 331 500 0 0 0 0
007729 0 375 500 0 0 0 0
000033 0 366 500 0 0 0 0
009568 0 333 500 0 0 0 0
006465 0 375 500 0 0 0 0
002335 0 375 500 0 0 0 0
002290 0 468 500 0 0 0 0
009351 0 375 500 0 0 0 0
000880 0 369 500 0 0 0 0
004685 0 500 333 0 0 0 0
000714 0 335 500 0 0 0 0
001669 0 500 375 0 0 0 0
008970 0 334 500 0 0 0 0
000645 0 375 500 0 0 0 0
000211 0 375 500 0 0 0 0
006067 0 375 500 0 0 0 0
007436 0 375 500 0 0 0 0
003294 0 500 332 0 0 0 0
006707 0 375 500 0 0 0 0
006033 0 500 375 0 0 0 0
001284 0 375 500 0 0 0 0
002136 0 375 500 0 0 0 0
001012 0 333 500 0 0 0 0
008468 0 240 320 0 0 0 0
002382 0 240 360 0 0 0 0
007008 0 290 343 0 0 0 0
005186 0 375 500 0 0 0 0
000208 0 375 500 0 0 0 0
002114 0 375 500 0 0 0 0
001298 0 375 500 0 0 0 0
006506 0 332 500 0 0 0 0
002272 0 375 500 0 0 0 0
000728 0 333 500 0 0 0 0
002956 0 375 500 0 0 0 0
001254 0 332 500 0 0 0 0
001514 0 333 500 0 0 0 0
001537 0 332 500 0 0 0 0
001036 0 375 500 0 0 0 0
003918 0 500 396 0 0 0 0
000518 0 333 500 0 0 0 0
007570 0 332 500 0 0 0 0
007889 0 375 500 0 0 0 0
009767 0 500 375 0 0 0 0
002916 0 500 375 0 0 0 0
006781 0 367 234 0 0 0 0
009259 0 333 500 0 0 0 0
001434 0 332 500 0 0 0 0
001387 0 500 375 0 0 0 0
003108 0 375 500 0 0 0 0
001633 0 375 500 0 0 0 0
008749 0 375 500 0 0 0 0
008076 0 375 500 0 0 0 0
001272 0 414 500 0 0 0 0
006670 0 500 500 0 0 0 0
000462 0 375 500 0 0 0 0
004359 0 375 500 0 0 0 0
003594 0 482 500 0 0 0 0
000912 0 334 500 0 0 0 0
008980 0 500 459 0 0 0 0
002891 0 360 500 0 0 0 0
002668 0 375 500 0 0 0 0
003154 0 375 500 0 0 0 0
004714 0 375 500 0 0 0 0
004585 0 375 500 0 0 0 0
007263 0 375 500 0 0 0 0
004715 0 375 500 0 0 0 0
007732 0 375 500 0 0 0 0
004984 0 375 500 0 0 0 0
008523 0 333 500 0 0 0 0
009162 0 386 500 0 0 0 0
007299 0 375 500 0 0 0 0
008067 0 375 500 0 0 0 0
000516 0 375 500 0 0 0 0
005680 0 375 500 0 0 0 0
003441 0 375 500 0 0 0 0
001378 0 500 383 0 0 0 0
004322 0 500 333 0 0 0 0
000625 0 375 500 0 0 0 0
005267 0 335 500 0 0 0 0
000496 0 375 500 0 0 0 0
001209 0 375 500 0 0 0 0
002554 0 332 500 0 0 0 0
006395 0 375 500 0 0 0 0
003834 0 375 500 0 0 0 0
001194 0 375 500 0 0 0 0
001343 0 375 500 0 0 0 0
001011 0 375 500 0 0 0 0
002835 0 272 500 0 0 0 0
003367 0 375 500 0 0 0 0
007148 0 333 500 0 0 0 0
001837 0 500 375 0 0 0 0
004441 0 500 374 0 0 0 0
007885 0 500 441 0 0 0 0
003279 0 400 500 0 0 0 0
007831 0 500 384 0 0 0 0
009128 0 420 304 0 0 0 0
005189 0 405 500 0 0 0 0
008720 0 500 333 0 0 0 0
007413 0 375 500 0 0 0 0
006673 0 333 500 0 0 0 0
000713 0 336 500 0 0 0 0
008760 0 375 500 0 0 0 0
001536 0 375 500 0 0 0 0
005700 0 372 500 0 0 0 0
006314 0 500 375 0 0 0 0
001192 0 375 500 0 0 0 0
005254 0 375 500 0 0 0 0
000918 0 500 333 0 0 0 0
003986 0 375 500 0 0 0 0
000048 0 500 375 0 0 0 0
009597 0 375 500 0 0 0 0
006678 0 375 500 0 0 0 0
000712 0 341 500 0 0 0 0
000328 0 332 500 0 0 0 0
003200 0 379 500 0 0 0 0
006534 0 280 400 0 0 0 0
007033 0 375 500 0 0 0 0
000102 0 375 500 0 0 0 0
004552 0 375 500 0 0 0 0
004457 0 375 500 0 0 0 0
009278 0 375 500 0 0 0 0
002633 0 500 332 0 0 0 0
005601 0 382 500 0 0 0 0
003290 0 332 500 0 0 0 0
005796 0 500 375 0 0 0 0
007280 0 333 500 0 0 0 0
007656 0 500 375 0 0 0 0
005384 0 375 500 0 0 0 0
007666 0 375 500 0 0 0 0
002456 0 375 500 0 0 0 0
005379 0 334 500 0 0 0 0
004939 0 333 500 0 0 0 0
008635 0 372 500 0 0 0 0
001904 0 335 500 0 0 0 0
003089 0 333 500 0 0 0 0
006694 0 375 500 0 0 0 0
003078 0 500 500 0 0 0 0
004005 0 373 500 0 0 0 0
009655 0 500 375 0 0 0 0
003656 0 313 500 0 0 0 0
001166 0 375 500 0 0 0 0
007670 0 333 500 0 0 0 0
003110 0 358 500 0 0 0 0
002468 0 358 500 0 0 0 0
009868 0 500 333 0 0 0 0
005906 0 375 500 0 0 0 0
005715 0 375 500 0 0 0 0
004502 0 413 500 0 0 0 0
000395 0 322 500 0 0 0 0
002021 0 333 500 0 0 0 0
006869 0 375 500 0 0 0 0
003673 0 375 500 0 0 0 0
009734 0 375 500 0 0 0 0
008085 0 282 500 0 0 0 0
005664 0 375 500 0 0 0 0
005467 0 375 500 0 0 0 0
001750 0 333 500 0 0 0 0
004584 0 375 500 0 0 0 0
006933 0 332 500 0 0 0 0
002171 0 500 375 0 0 0 0
007369 0 375 500 0 0 0 0
003336 0 375 500 0 0 0 0
007605 0 352 500 0 0 0 0
006636 0 375 500 0 0 0 0
005292 0 376 500 0 0 0 0
002027 0 375 500 0 0 0 0
008323 0 375 500 0 0 0 0
004331 0 375 500 0 0 0 0
007924 0 360 238 0 0 0 0
007925 0 375 500 0 0 0 0
009700 0 375 500 0 0 0 0
005510 0 328 500 0 0 0 0
007140 0 500 330 0 0 0 0
007184 0 500 334 0 0 0 0
008285 0 375 500 0 0 0 0
008293 0 500 333 0 0 0 0
009833 0 375 500 0 0 0 0
004990 0 375 500 0 0 0 0
007799 0 331 500 0 0 0 0
002722 0 375 500 0 0 0 0
003621 0 343 500 0 0 0 0
001468 0 267 400 0 0 0 0
003828 0 500 403 0 0 0 0
005224 0 375 500 0 0 0 0
007813 0 375 500 0 0 0 0
000843 0 333 500 0 0 0 0
005629 0 333 500 0 0 0 0
002280 0 351 500 0 0 0 0
002801 0 375 500 0 0 0 0
003433 0 500 375 0 0 0 0
003369 0 375 500 0 0 0 0
002267 0 333 500 0 0 0 0
001442 0 333 500 0 0 0 0
008962 0 375 500 0 0 0 0
001806 0 500 328 0 0 0 0
007308 0 480 389 0 0 0 0
004689 0 375 500 0 0 0 0
005004 0 333 500 0 0 0 0
008101 0 363 500 0 0 0 0
007612 0 500 375 0 0 0 0
001287 0 401 500 0 0 0 0
005764 0 500 375 0 0 0 0
006883 0 375 500 0 0 0 0
002237 0 375 500 0 0 0 0
003743 0 281 500 0 0 0 0
000742 0 338 500 0 0 0 0
008177 0 375 500 0 0 0 0
008364 0 322 500 0 0 0 0
008467 0 500 375 0 0 0 0
005455 0 293 383 0 0 0 0
005903 0 375 500 0 0 0 0
006262 0 332 500 0 0 0 0
006230 0 375 500 0 0 0 0
007132 0 325 500 0 0 0 0
002000 0 375 500 0 0 0 0
006865 0 333 500 0 0 0 0
004270 0 375 500 0 0 0 0
009808 0 500 350 0 0 0 0
004710 0 331 500 0 0 0 0
001524 0 370 500 0 0 0 0
000782 0 500 330 0 0 0 0
001453 0 375 500 0 0 0 0
002466 0 333 500 0 0 0 0
000381 0 500 375 0 0 0 0
009126 0 375 500 0 0 0 0
003127 0 375 500 0 0 0 0
002540 0 375 500 0 0 0 0
005097 0 375 500 0 0 0 0
006612 0 500 375 0 0 0 0
009961 0 374 500 0 0 0 0
003161 0 328 500 0 0 0 0
001008 0 375 500 0 0 0 0
002944 0 500 335 0 0 0 0
009187 0 335 500 0 0 0 0
000118 0 375 500 0 0 0 0
008208 0 500 375 0 0 0 0
004150 0 500 333 0 0 0 0
000709 0 377 500 0 0 0 0
006553 0 500 366 0 0 0 0
003698 0 375 500 0 0 0 0
002152 0 500 500 0 0 0 0
000577 0 333 500 0 0 0 0
003145 0 375 500 0 0 0 0
009438 0 500 375 0 0 0 0
006463 0 333 500 0 0 0 0
005951 0 375 500 0 0 0 0
001945 0 480 318 0 0 0 0
004143 0 375 500 0 0 0 0
002158 0 300 500 0 0 0 0
000535 0 374 500 0 0 0 0
005131 0 375 500 0 0 0 0
003430 0 375 500 0 0 0 0
008032 0 333 500 0 0 0 0
007006 0 375 500 0 0 0 0
000903 0 500 416 0 0 0 0
005416 0 439 500 0 0 0 0
005063 0 500 375 0 0 0 0
009609 0 335 500 0 0 0 0
005395 0 375 500 0 0 0 0
009869 0 375 500 0 0 0 0
005052 0 500 325 0 0 0 0
008121 0 375 500 0 0 0 0
003750 0 375 500 0 0 0 0
000050 0 375 500 0 0 0 0
004493 0 375 500 0 0 0 0
000519 0 375 500 0 0 0 0
002546 0 375 500 0 0 0 0
003194 0 333 500 0 0 0 0
002697 0 498 480 0 0 0 0
008117 0 375 500 0 0 0 0
003957 0 332 500 0 0 0 0
009527 0 375 500 0 0 0 0
009586 0 500 375 0 0 0 0
006335 0 375 500 0 0 0 0
008932 0 375 500 0 0 0 0
003149 0 375 500 0 0 0 0
007559 0 500 375 0 0 0 0
006934 0 375 500 0 0 0 0
001346 0 229 500 0 0 0 0
002187 0 332 500 0 0 0 0
003499 0 375 500 0 0 0 0
005293 0 500 375 0 0 0 0
000842 0 356 500 0 0 0 0
006428 0 375 500 0 0 0 0
003126 0 375 500 0 0 0 0
002218 0 327 500 0 0 0 0
006874 0 375 500 0 0 0 0
006839 0 375 500 0 0 0 0
004286 0 333 500 0 0 0 0
002345 0 500 375 0 0 0 0
003038 0 335 500 0 0 0 0
002678 0 318 480 0 0 0 0
003941 0 375 500 0 0 0 0
002310 0 333 500 0 0 0 0
002233 0 500 273 0 0 0 0
002315 0 333 500 0 0 0 0
006519 0 375 500 0 0 0 0
002713 0 500 375 0 0 0 0
002279 0 333 500 0 0 0 0
005365 0 376 500 0 0 0 0
001311 0 319 500 0 0 0 0
007108 0 334 500 0 0 0 0
007330 0 344 500 0 0 0 0
004701 0 375 500 0 0 0 0
001563 0 333 500 0 0 0 0
000923 0 375 500 0 0 0 0
006045 0 375 500 0 0 0 0
009613 0 500 375 0 0 0 0
007458 0 375 500 0 0 0 0
000171 0 500 375 0 0 0 0
003855 0 375 500 0 0 0 0
001726 0 375 500 0 0 0 0
008199 0 375 500 0 0 0 0
008553 0 335 500 0 0 0 0
003464 0 327 500 0 0 0 0
008772 0 375 500 0 0 0 0
006391 0 500 375 0 0 0 0
006799 0 500 500 0 0 0 0
006825 0 333 500 0 0 0 0
002061 0 375 500 0 0 0 0
009100 0 363 500 0 0 0 0
004361 0 375 500 0 0 0 0
002095 0 383 293 0 0 0 0
009066 0 351 500 0 0 0 0
006030 0 375 500 0 0 0 0
009832 0 375 500 0 0 0 0
004566 0 375 500 0 0 0 0
006251 0 375 500 0 0 0 0
004673 0 333 500 0 0 0 0
005190 0 375 500 0 0 0 0
004601 0 333 500 0 0 0 0
001855 0 375 500 0 0 0 0
009755 0 334 500 0 0 0 0
007125 0 370 308 0 0 0 0
007812 0 375 500 0 0 0 0
001580 0 375 500 0 0 0 0
004963 0 334 500 0 0 0 0
006769 0 355 500 0 0 0 0
004956 0 500 333 0 0 0 0
000694 0 375 500 0 0 0 0
006243 0 375 500 0 0 0 0
006486 0 375 500 0 0 0 0
006166 0 419 500 0 0 0 0
009819 0 375 500 0 0 0 0
008132 0 375 500 0 0 0 0
001588 0 333 500 0 0 0 0
008258 0 500 408 0 0 0 0
001014 0 375 500 0 0 0 0
001427 0 500 369 0 0 0 0
000408 0 500 375 0 0 0 0
004630 0 375 500 0 0 0 0
002618 0 384 500 0 0 0 0
006176 0 481 500 0 0 0 0
007631 0 375 500 0 0 0 0
005911 0 375 500 0 0 0 0
005652 0 333 500 0 0 0 0
008584 0 500 340 0 0 0 0
006185 0 375 500 0 0 0 0
005436 0 375 500 0 0 0 0
004876 0 248 500 0 0 0 0
009019 0 333 500 0 0 0 0
003618 0 332 500 0 0 0 0
001793 0 500 375 0 0 0 0
001630 0 500 375 0 0 0 0
002404 0 375 500 0 0 0 0
007863 0 375 500 0 0 0 0
006259 0 500 333 0 0 0 0
000730 0 333 500 0 0 0 0
000170 0 375 500 0 0 0 0
002969 0 375 500 0 0 0 0
008127 0 334 500 0 0 0 0
006344 0 335 500 0 0 0 0
009842 0 375 500 0 0 0 0
009191 0 348 500 0 0 0 0
004643 0 374 500 0 0 0 0
008744 0 500 332 0 0 0 0
006174 0 375 500 0 0 0 0
005312 0 370 500 0 0 0 0
004391 0 333 500 0 0 0 0
004196 0 336 500 0 0 0 0
003722 0 339 500 0 0 0 0
003528 0 375 500 0 0 0 0
002384 0 375 500 0 0 0 0
003554 0 333 500 0 0 0 0
007673 0 500 375 0 0 0 0
000225 0 333 500 0 0 0 0
005371 0 333 500 0 0 0 0
002525 0 375 500 0 0 0 0
008691 0 334 500 0 0 0 0
005821 0 375 500 0 0 0 0
000120 0 400 500 0 0 0 0
002966 0 334 500 0 0 0 0
008150 0 333 500 0 0 0 0
003138 0 375 500 0 0 0 0
000772 0 480 360 0 0 0 0
000717 0 375 500 0 0 0 0
009251 0 333 500 0 0 0 0
003763 0 375 500 0 0 0 0
000030 0 375 500 0 0 0 0
006609 0 375 500 0 0 0 0
007718 0 375 500 0 0 0 0
000900 0 375 500 0 0 0 0
000878 0 333 500 0 0 0 0
000753 0 375 500 0 0 0 0
006503 0 375 500 0 0 0 0
005246 0 387 500 0 0 0 0
006509 0 500 333 0 0 0 0
002866 0 375 500 0 0 0 0
008326 0 333 500 0 0 0 0
005713 0 334 500 0 0 0 0
009401 0 375 500 0 0 0 0
001097 0 334 500 0 0 0 0
000581 0 332 500 0 0 0 0
005220 0 375 500 0 0 0 0
003443 0 375 500 0 0 0 0
004634 0 500 460 0 0 0 0
007038 0 375 500 0 0 0 0
001314 0 333 500 0 0 0 0
001759 0 375 500 0 0 0 0
000198 0 335 500 0 0 0 0
006198 0 375 500 0 0 0 0
003913 0 375 500 0 0 0 0
009420 0 375 500 0 0 0 0
001279 0 500 375 0 0 0 0
001978 0 334 500 0 0 0 0
004606 0 375 500 0 0 0 0
003684 0 500 375 0 0 0 0
002435 0 375 500 0 0 0 0
004437 0 375 500 0 0 0 0
004644 0 333 500 0 0 0 0
000565 0 375 500 0 0 0 0
008434 0 313 500 0 0 0 0
002745 0 500 375 0 0 0 0
007072 0 375 500 0 0 0 0
006286 0 375 500 0 0 0 0
004782 0 334 500 0 0 0 0
007854 0 500 301 0 0 0 0
004146 0 375 500 0 0 0 0
009123 0 375 500 0 0 0 0
008837 0 377 500 0 0 0 0
001989 0 375 500 0 0 0 0
007035 0 375 500 0 0 0 0
000540 0 335 500 0 0 0 0
008728 0 375 500 0 0 0 0
009780 0 334 500 0 0 0 0
004676 0 375 500 0 0 0 0
000755 0 375 500 0 0 0 0
006202 0 375 500 0 0 0 0
005718 0 386 500 0 0 0 0
001849 0 375 500 0 0 0 0
000173 0 480 394 0 0 0 0
006363 0 500 335 0 0 0 0
006146 0 375 500 0 0 0 0
008312 0 500 375 0 0 0 0
004345 0 332 500 0 0 0 0
000039 0 375 500 0 0 0 0
006560 0 375 500 0 0 0 0
007433 0 375 500 0 0 0 0
007606 0 375 500 0 0 0 0
008709 0 375 500 0 0 0 0
005116 0 331 500 0 0 0 0
007511 0 375 500 0 0 0 0
001610 0 375 500 0 0 0 0
008351 0 333 500 0 0 0 0
009588 0 335 500 0 0 0 0
000154 0 333 500 0 0 0 0
000117 0 333 500 0 0 0 0
004622 0 500 375 0 0 0 0
006922 0 333 500 0 0 0 0
007007 0 374 500 0 0 0 0
001734 0 375 500 0 0 0 0
008692 0 333 500 0 0 0 0
004392 0 375 500 0 0 0 0
003129 0 375 500 0 0 0 0
000601 0 348 500 0 0 0 0
003452 0 500 333 0 0 0 0
009151 0 375 500 0 0 0 0
004968 0 500 329 0 0 0 0
008989 0 375 500 0 0 0 0
000591 0 333 500 0 0 0 0
008775 0 333 500 0 0 0 0
001617 0 331 500 0 0 0 0
007189 0 375 500 0 0 0 0
008475 0 375 500 0 0 0 0
008442 0 375 500 0 0 0 0
007899 0 500 375 0 0 0 0
003939 0 198 500 0 0 0 0
001853 0 375 500 0 0 0 0
001073 0 375 500 0 0 0 0
009208 0 333 500 0 0 0 0
002569 0 500 378 0 0 0 0
000564 0 333 500 0 0 0 0
008976 0 375 500 0 0 0 0
008872 0 270 360 0 0 0 0
006806 0 375 500 0 0 0 0
006078 0 375 500 0 0 0 0
007222 0 339 500 0 0 0 0
004737 0 333 500 0 0 0 0
005888 0 375 500 0 0 0 0
002212 0 334 500 0 0 0 0
004257 0 375 500 0 0 0 0
004067 0 331 500 0 0 0 0
009678 0 371 500 0 0 0 0
003417 0 335 500 0 0 0 0
002800 0 425 488 0 0 0 0
007998 0 375 500 0 0 0 0
003664 0 375 500 0 0 0 0
002549 0 375 500 0 0 0 0
002747 0 375 500 0 0 0 0
002603 0 375 500 0 0 0 0
002459 0 322 500 0 0 0 0
004783 0 334 500 0 0 0 0
009287 0 333 500 0 0 0 0
001686 0 500 375 0 0 0 0
004117 0 348 480 0 0 0 0
008426 0 398 500 0 0 0 0
001972 0 500 333 0 0 0 0
007191 0 375 500 0 0 0 0
008495 0 357 500 0 0 0 0
005620 0 332 500 0 0 0 0
005244 0 375 500 0 0 0 0
000882 0 357 500 0 0 0 0
006424 0 375 500 0 0 0 0
008576 0 364 500 0 0 0 0
009465 0 346 393 0 0 0 0
003303 0 500 332 0 0 0 0
003056 0 375 500 0 0 0 0
007916 0 332 500 0 0 0 0
000046 0 500 332 0 0 0 0
004281 0 375 500 0 0 0 0
003681 0 375 500 0 0 0 0
001497 0 375 500 0 0 0 0
003207 0 333 500 0 0 0 0
007521 0 293 500 0 0 0 0
002196 0 500 375 0 0 0 0
001395 0 375 500 0 0 0 0
002680 0 334 500 0 0 0 0
006584 0 331 500 0 0 0 0
005398 0 375 500 0 0 0 0
002794 0 375 500 0 0 0 0
006762 0 375 500 0 0 0 0
009429 0 346 500 0 0 0 0
006306 0 333 500 0 0 0 0
002737 0 335 500 0 0 0 0
004232 0 263 500 0 0 0 0
008809 0 320 500 0 0 0 0
001241 0 500 375 0 0 0 0
008509 0 338 500 0 0 0 0
008871 0 409 500 0 0 0 0
005701 0 500 375 0 0 0 0
009051 0 375 500 0 0 0 0
007193 0 500 375 0 0 0 0
003567 0 331 500 0 0 0 0
009288 0 319 213 0 0 0 0
001729 0 333 500 0 0 0 0
009945 0 375 500 0 0 0 0
004754 0 500 375 0 0 0 0
005320 0 375 500 0 0 0 0
009333 0 375 500 0 0 0 0
003773 0 333 500 0 0 0 0
002067 0 333 500 0 0 0 0
008492 0 324 500 0 0 0 0
002689 0 375 500 0 0 0 0
000193 0 375 500 0 0 0 0
000847 0 500 375 0 0 0 0
009413 0 500 500 0 0 0 0
006475 0 500 361 0 0 0 0
009809 0 334 500 0 0 0 0
007872 0 333 500 0 0 0 0
007523 0 332 500 0 0 0 0
004647 0 333 500 0 0 0 0
006956 0 375 500 0 0 0 0
000162 0 375 500 0 0 0 0
003983 0 333 500 0 0 0 0
006027 0 344 500 0 0 0 0
007419 0 375 500 0 0 0 0
007590 0 500 375 0 0 0 0
002101 0 500 333 0 0 0 0
008445 0 333 500 0 0 0 0
004938 0 375 500 0 0 0 0
002377 0 375 500 0 0 0 0
004548 0 367 500 0 0 0 0
005762 0 500 375 0 0 0 0
002960 0 333 500 0 0 0 0
004683 0 375 500 0 0 0 0
006666 0 500 375 0 0 0 0
002627 0 500 375 0 0 0 0
003859 0 500 375 0 0 0 0
000294 0 375 500 0 0 0 0
003259 0 333 500 0 0 0 0
004708 0 375 500 0 0 0 0
000559 0 370 500 0 0 0 0
000705 0 234 500 0 0 0 0
002354 0 375 500 0 0 0 0
003116 0 400 500 0 0 0 0
007999 0 375 500 0 0 0 0
005784 0 442 500 0 0 0 0
006976 0 500 375 0 0 0 0
007388 0 375 500 0 0 0 0
009215 0 375 500 0 0 0 0
001174 0 375 500 0 0 0 0
006684 0 375 500 0 0 0 0
005735 0 375 500 0 0 0 0
002284 0 500 375 0 0 0 0
008587 0 375 500 0 0 0 0
003185 0 375 500 0 0 0 0
003362 0 332 500 0 0 0 0
000808 0 333 500 0 0 0 0
007768 0 375 500 0 0 0 0
007723 0 375 500 0 0 0 0
000250 0 375 500 0 0 0 0
005407 0 500 332 0 0 0 0
009882 0 372 500 0 0 0 0
005093 0 500 333 0 0 0 0
008982 0 375 500 0 0 0 0
006025 0 333 500 0 0 0 0
000489 0 375 500 0 0 0 0
006028 0 374 500 0 0 0 0
000122 0 480 475 0 0 0 0
009349 0 500 375 0 0 0 0
005014 0 375 500 0 0 0 0
003449 0 375 500 0 0 0 0
