20
009863 1 375 500 164 37 169 364
006497 1 375 500 64 97 57 119
007363 1 317 500 98 32 166 387
006524 1 97 500 1 1 93 137
009862 1 500 375 109 2 391 373
003054 1 375 500 142 398 43 61
003214 1 375 500 143 230 77 266
005669 1 333 500 151 254 51 87
005640 1 500 375 188 107 83 138
002595 1 375 500 115 68 119 374
005714 0 375 500 0 0 0 0
009580 0 333 500 0 0 0 0
003695 0 318 480 0 0 0 0
002479 0 375 500 0 0 0 0
004360 0 500 333 0 0 0 0
008722 0 332 500 0 0 0 0
004985 0 375 500 0 0 0 0
002036 0 325 500 0 0 0 0
002004 0 500 375 0 0 0 0
008519 0 375 500 0 0 0 0
