2473
train/pos/000012 1 333 500 173 195
train/pos/000026 1 333 500 87 247
train/pos/000047 1 333 500 311 444
train/pos/000083 1 333 500 276 338
train/pos/000091 1 375 500 24 35
train/pos/000134 1 371 500 215 486
train/pos/000153 1 375 500 44 121
train/pos/000159 1 333 500 317 497
train/pos/000161 1 390 500 93 53
train/pos/000220 1 375 500 53 73
train/pos/000262 1 196 500 100 157
train/pos/000263 1 500 375 99 336
train/pos/000288 1 333 500 63 47
train/pos/000296 1 348 500 56 73
train/pos/000311 1 375 500 312 386
train/pos/000317 1 354 500 70 289
train/pos/000320 1 500 375 28 45
train/pos/000334 1 302 500 68 236
train/pos/000355 1 333 500 257 405
train/pos/000367 1 375 500 45 70
train/pos/000387 1 333 500 237 477
train/pos/000404 1 333 500 232 261
train/pos/000406 1 375 500 28 60
train/pos/000431 1 375 500 24 40
train/pos/000469 1 375 500 287 438
train/pos/000474 1 375 500 202 395
train/pos/000522 1 375 500 143 398
train/pos/000541 1 333 500 25 76
train/pos/000554 1 375 500 38 88
train/pos/000590 1 337 500 227 301
train/pos/000605 1 375 500 17 65
train/pos/000620 1 344 500 127 189
train/pos/000672 1 375 500 216 483
train/pos/000688 1 317 500 275 492
train/pos/000700 1 333 500 87 352
train/pos/000818 1 287 500 23 32
train/pos/000823 1 334 500 105 294
train/pos/000829 1 375 500 19 30
train/pos/000860 1 353 500 207 347
train/pos/000871 1 375 500 178 483
train/pos/000888 1 347 500 111 137
train/pos/000906 1 375 500 97 77
train/pos/000977 1 333 500 73 127
train/pos/001057 1 335 500 297 347
train/pos/001060 1 378 500 29 89
train/pos/001112 1 335 500 34 64
train/pos/001119 1 333 500 37 93
train/pos/001237 1 375 500 57 151
train/pos/001258 1 375 500 195 322
train/pos/001268 1 333 500 116 224
train/pos/001294 1 375 500 18 30
train/pos/001334 1 375 500 22 64
train/pos/001364 1 333 500 247 336
train/pos/001384 1 375 500 53 74
train/pos/001385 1 332 500 31 43
train/pos/001409 1 333 500 166 238
train/pos/001414 1 375 500 249 418
train/pos/001455 1 374 500 37 85
train/pos/001488 1 333 500 52 131
train/pos/001492 1 334 500 31 42
train/pos/001494 1 375 500 128 199
train/pos/001532 1 340 425 21 45
train/pos/001559 1 480 360 51 37
train/pos/001576 1 375 500 108 407
train/pos/001604 1 375 500 252 255
train/pos/001622 1 500 375 171 148
train/pos/001662 1 375 500 163 471
train/pos/001676 1 236 500 181 453
train/pos/001699 1 332 500 67 55
train/pos/001780 1 333 500 140 118
train/pos/001821 1 375 500 123 270
train/pos/001845 1 375 500 72 34
train/pos/001881 1 375 500 44 114
train/pos/001902 1 375 500 27 37
train/pos/001937 1 500 375 222 321
train/pos/001954 1 375 500 132 219
train/pos/001980 1 375 500 86 118
train/pos/002056 1 500 375 121 44
train/pos/002116 1 375 500 31 81
train/pos/002134 1 375 500 281 483
train/pos/002153 1 375 500 125 292
train/pos/002170 1 375 500 70 122
train/pos/002178 1 375 500 184 360
train/pos/002180 1 375 500 71 46
train/pos/002182 1 333 500 131 423
train/pos/002197 1 375 500 78 165
train/pos/002241 1 379 500 83 79
train/pos/002247 1 500 375 192 366
train/pos/002291 1 433 500 237 297
train/pos/002307 1 333 500 140 293
train/pos/002311 1 375 500 298 498
train/pos/002355 1 375 500 177 470
train/pos/002373 1 332 500 9 55
train/pos/002411 1 375 500 96 171
train/pos/002420 1 333 500 203 394
train/pos/002436 1 375 500 50 48
train/pos/002478 1 375 500 85 203
train/pos/002490 1 375 500 57 54
train/pos/002533 1 375 500 150 199
train/pos/002534 1 333 500 40 55
train/pos/002544 1 375 500 36 76
train/pos/002559 1 375 500 229 350
train/pos/002595 1 375 500 119 374
train/pos/002625 1 375 500 19 46
train/pos/002647 1 333 500 38 85
train/pos/002682 1 375 500 128 162
train/pos/002704 1 500 334 83 191
train/pos/002730 1 333 500 206 199
train/pos/002759 1 374 500 59 116
train/pos/002779 1 331 500 117 156
train/pos/002804 1 375 500 21 45
train/pos/002937 1 333 500 136 217
train/pos/003007 1 332 500 294 471
train/pos/003013 1 375 500 174 347
train/pos/003027 1 318 480 113 214
train/pos/003051 1 333 500 125 253
train/pos/003053 1 333 500 27 33
train/pos/003083 1 500 375 25 31
train/pos/003092 1 334 500 201 286
train/pos/003103 1 226 361 122 295
train/pos/003165 1 355 323 249 231
train/pos/003214 1 375 500 77 266
train/pos/003231 1 500 375 96 129
train/pos/003240 1 500 374 30 141
train/pos/003261 1 375 500 20 21
train/pos/003331 1 333 500 32 58
train/pos/003355 1 335 500 122 266
train/pos/003359 1 382 500 192 158
train/pos/003363 1 500 334 32 34
train/pos/003379 1 333 500 99 341
train/pos/003406 1 375 500 370 498
train/pos/003420 1 375 500 31 78
train/pos/003484 1 333 500 258 442
train/pos/003551 1 375 500 29 79
train/pos/003555 1 375 500 60 62
train/pos/003596 1 375 500 24 53
train/pos/003608 1 375 500 221 357
train/pos/003634 1 281 500 90 154
train/pos/003713 1 375 500 67 60
train/pos/003790 1 375 500 154 408
train/pos/003806 1 282 500 234 348
train/pos/003824 1 500 333 212 331
train/pos/003835 1 375 500 24 38
train/pos/003936 1 330 500 57 156
train/pos/003971 1 375 500 148 453
train/pos/003987 1 500 333 120 278
train/pos/003997 1 322 500 152 276
train/pos/003998 1 375 500 247 488
train/pos/004019 1 375 500 31 26
train/pos/004091 1 375 500 232 196
train/pos/004136 1 375 500 15 33
train/pos/004228 1 294 500 31 82
train/pos/004231 1 354 500 73 233
train/pos/004242 1 375 500 361 471
train/pos/004244 1 375 500 193 403
train/pos/004303 1 281 500 18 46
train/pos/004365 1 374 500 204 427
train/pos/004367 1 375 500 324 391
train/pos/004386 1 333 500 252 365
train/pos/004439 1 334 500 28 65
train/pos/004481 1 411 500 209 423
train/pos/004519 1 375 500 131 316
train/pos/004526 1 375 500 165 332
train/pos/004563 1 333 500 20 52
train/pos/004576 1 333 500 69 112
train/pos/004591 1 333 500 60 174
train/pos/004604 1 375 500 136 170
train/pos/004687 1 375 500 61 58
train/pos/004691 1 375 500 19 38
train/pos/004705 1 330 500 64 103
train/pos/004747 1 375 500 305 471
train/pos/004748 1 375 500 31 59
train/pos/004779 1 375 500 88 170
train/pos/004793 1 375 500 240 267
train/pos/004808 1 375 500 111 309
train/pos/004823 1 375 500 251 497
train/pos/004828 1 483 500 220 307
train/pos/004830 1 333 500 102 314
train/pos/004873 1 375 500 236 363
train/pos/004946 1 500 375 25 53
train/pos/004961 1 333 500 225 479
train/pos/004962 1 333 500 36 93
train/pos/004973 1 375 500 91 127
train/pos/005020 1 375 500 53 166
train/pos/005047 1 252 500 243 497
train/pos/005065 1 375 500 241 478
train/pos/005071 1 375 500 23 56
train/pos/005156 1 375 500 128 158
train/pos/005169 1 500 375 34 44
train/pos/005259 1 333 500 233 414
train/pos/005262 1 375 500 26 39
train/pos/005273 1 375 500 69 183
train/pos/005318 1 375 500 254 312
train/pos/005373 1 333 500 29 43
train/pos/005387 1 375 500 15 43
train/pos/005457 1 346 500 151 323
train/pos/005483 1 285 450 107 88
train/pos/005489 1 333 500 23 55
train/pos/005499 1 333 500 285 498
train/pos/005536 1 343 500 205 383
train/pos/005547 1 375 500 197 399
train/pos/005566 1 375 500 36 59
train/pos/005585 1 375 500 213 282
train/pos/005592 1 375 500 72 155
train/pos/005609 1 383 500 114 69
train/pos/005669 1 333 500 51 87
train/pos/005738 1 375 500 128 106
train/pos/005756 1 375 500 136 423
train/pos/005782 1 333 500 133 357
train/pos/005806 1 375 500 79 64
train/pos/005831 1 375 500 197 429
train/pos/005861 1 338 500 25 61
train/pos/005899 1 500 500 148 141
train/pos/005918 1 333 500 56 58
train/pos/006009 1 333 500 117 164
train/pos/006011 1 375 500 69 136
train/pos/006038 1 332 500 37 80
train/pos/006043 1 375 500 369 494
train/pos/006079 1 375 500 14 38
train/pos/006103 1 375 500 63 65
train/pos/006128 1 323 500 69 161
train/pos/006196 1 375 500 372 432
train/pos/006210 1 375 500 72 52
train/pos/006223 1 333 500 176 298
train/pos/006224 1 333 500 21 51
train/pos/006225 1 375 500 210 377
train/pos/006250 1 375 500 146 220
train/pos/006261 1 500 398 91 73
train/pos/006290 1 375 500 79 34
train/pos/006320 1 333 500 259 311
train/pos/006329 1 375 500 221 444
train/pos/006362 1 375 500 163 145
train/pos/006369 1 333 500 51 56
train/pos/006375 1 375 500 146 168
train/pos/006417 1 375 500 151 216
train/pos/006438 1 332 500 53 39
train/pos/006458 1 314 500 155 209
train/pos/006459 1 375 500 34 58
train/pos/006524 1 97 500 93 137
train/pos/006654 1 333 500 132 156
train/pos/006660 1 400 500 105 248
train/pos/006706 1 500 375 176 196
train/pos/006734 1 375 500 241 315
train/pos/006736 1 375 500 71 180
train/pos/006748 1 500 338 99 159
train/pos/006766 1 375 500 30 173
train/pos/006858 1 375 500 111 136
train/pos/006868 1 375 500 66 116
train/pos/006893 1 500 375 66 102
train/pos/006900 1 375 500 103 138
train/pos/006931 1 500 333 33 46
train/pos/007003 1 375 500 107 117
train/pos/007040 1 425 500 121 288
train/pos/007090 1 375 500 162 246
train/pos/007133 1 500 375 57 147
train/pos/007159 1 375 500 59 65
train/pos/007205 1 375 500 137 131
train/pos/007261 1 500 377 191 181
train/pos/007279 1 281 500 35 100
train/pos/007285 1 500 375 457 373
train/pos/007305 1 331 500 24 50
train/pos/007446 1 500 375 26 42
train/pos/007468 1 375 500 358 490
train/pos/007479 1 329 500 237 495
train/pos/007490 1 375 500 67 160
train/pos/007497 1 333 500 46 95
train/pos/007566 1 336 500 69 99
train/pos/007601 1 375 500 90 48
train/pos/007653 1 332 500 117 455
train/pos/007663 1 375 500 202 412
train/pos/007667 1 375 500 20 36
train/pos/007699 1 375 500 325 498
train/pos/007721 1 374 500 99 254
train/pos/007731 1 500 375 285 314
train/pos/007736 1 375 500 26 38
train/pos/007790 1 375 500 52 79
train/pos/007819 1 208 500 21 61
train/pos/007821 1 500 357 254 290
train/pos/007883 1 335 500 17 35
train/pos/007898 1 500 400 365 399
train/pos/007905 1 374 500 243 481
train/pos/007932 1 333 500 50 101
train/pos/007963 1 375 500 53 79
train/pos/007964 1 333 500 127 355
train/pos/008001 1 353 500 186 406
train/pos/008019 1 318 480 154 99
train/pos/008037 1 333 500 184 314
train/pos/008044 1 336 500 43 152
train/pos/008079 1 335 500 61 111
train/pos/008093 1 375 500 91 83
train/pos/008098 1 375 500 51 126
train/pos/008108 1 375 500 101 116
train/pos/008169 1 375 500 52 80
train/pos/008174 1 333 500 319 459
train/pos/008188 1 305 500 230 419
train/pos/008197 1 335 500 30 30
train/pos/008232 1 375 500 82 207
train/pos/008296 1 333 500 221 448
train/pos/008315 1 375 500 38 46
train/pos/008336 1 375 500 82 83
train/pos/008360 1 375 500 46 30
train/pos/008388 1 338 450 336 449
train/pos/008391 1 309 500 261 492
train/pos/008397 1 375 500 21 95
train/pos/008449 1 375 500 26 46
train/pos/008466 1 333 500 109 230
train/pos/008478 1 375 500 96 127
train/pos/008482 1 375 500 38 45
train/pos/008483 1 333 500 49 146
train/pos/008517 1 333 500 331 344
train/pos/008549 1 333 500 280 341
train/pos/008550 1 375 500 79 88
train/pos/008581 1 500 333 328 233
train/pos/008633 1 247 500 239 194
train/pos/008663 1 375 500 222 495
train/pos/008665 1 333 500 310 395
train/pos/008676 1 336 500 85 124
train/pos/008706 1 333 500 36 33
train/pos/008727 1 500 375 251 372
train/pos/008750 1 375 500 223 455
train/pos/008768 1 500 367 191 246
train/pos/008784 1 262 500 39 58
train/pos/008794 1 375 500 216 419
train/pos/008891 1 333 500 134 312
train/pos/008909 1 375 500 247 464
train/pos/008923 1 209 500 145 351
train/pos/008929 1 333 500 183 440
train/pos/008939 1 375 500 79 91
train/pos/008958 1 375 500 324 450
train/pos/008968 1 375 500 282 357
train/pos/008969 1 375 500 62 82
train/pos/008978 1 375 500 212 279
train/pos/009000 1 375 500 45 137
train/pos/009029 1 500 333 101 231
train/pos/009045 1 375 500 293 499
train/pos/009058 1 375 500 286 483
train/pos/009073 1 375 500 135 96
train/pos/009078 1 368 500 22 53
train/pos/009106 1 375 500 235 355
train/pos/009121 1 333 500 100 73
train/pos/009205 1 334 500 201 310
train/pos/009214 1 375 500 152 322
train/pos/009269 1 496 500 160 304
train/pos/009283 1 375 500 125 106
train/pos/009318 1 334 500 23 25
train/pos/009336 1 375 500 250 335
train/pos/009358 1 375 500 41 71
train/pos/009392 1 331 500 48 73
train/pos/009406 1 283 500 246 470
train/pos/009409 1 375 500 44 112
train/pos/009411 1 375 500 223 401
train/pos/009424 1 375 500 226 372
train/pos/009434 1 333 500 219 466
train/pos/009469 1 375 500 77 129
train/pos/009515 1 270 360 22 29
train/pos/009596 1 331 500 17 19
train/pos/009614 1 375 500 54 54
train/pos/009623 1 333 500 180 305
train/pos/009644 1 332 500 225 445
train/pos/009671 1 375 500 53 141
train/pos/009718 1 375 500 35 78
train/pos/009729 1 333 500 198 269
train/pos/009733 1 333 500 315 404
train/pos/009774 1 400 500 51 47
train/pos/009776 1 375 500 130 149
train/pos/009810 1 333 500 198 445
train/pos/009830 1 375 500 297 358
train/pos/009834 1 333 500 205 361
train/pos/009839 1 341 500 120 209
train/pos/009845 1 375 500 37 71
train/pos/009848 1 360 480 28 103
train/pos/009879 1 375 500 63 100
train/pos/009904 1 500 375 46 88
train/pos/009920 1 500 334 206 312
train/pos/009938 1 375 500 51 83
train/pos/009959 1 375 500 45 138
train/neg/000017 0 364 480 0 0
train/neg/000023 0 500 334 0 0
train/neg/000032 0 281 500 0 0
train/neg/000033 0 366 500 0 0
train/neg/000034 0 500 360 0 0
train/neg/000035 0 375 500 0 0
train/neg/000036 0 500 332 0 0
train/neg/000042 0 335 500 0 0
train/neg/000044 0 333 500 0 0
train/neg/000048 0 500 375 0 0
train/neg/000061 0 333 500 0 0
train/neg/000064 0 500 496 0 0
train/neg/000066 0 375 500 0 0
train/neg/000073 0 500 375 0 0
train/neg/000077 0 333 500 0 0
train/neg/000078 0 419 500 0 0
train/neg/000089 0 374 500 0 0
train/neg/000104 0 333 500 0 0
train/neg/000112 0 500 333 0 0
train/neg/000122 0 480 475 0 0
train/neg/000129 0 500 334 0 0
train/neg/000133 0 500 447 0 0
train/neg/000138 0 332 500 0 0
train/neg/000140 0 401 500 0 0
train/neg/000141 0 423 500 0 0
train/neg/000147 0 333 500 0 0
train/neg/000154 0 333 500 0 0
train/neg/000162 0 375 500 0 0
train/neg/000163 0 432 500 0 0
train/neg/000164 0 375 500 0 0
train/neg/000171 0 500 375 0 0
train/neg/000173 0 480 394 0 0
train/neg/000174 0 333 500 0 0
train/neg/000187 0 375 500 0 0
train/neg/000189 0 375 500 0 0
train/neg/000192 0 375 500 0 0
train/neg/000193 0 375 500 0 0
train/neg/000194 0 224 320 0 0
train/neg/000198 0 335 500 0 0
train/neg/000200 0 249 500 0 0
train/neg/000207 0 500 334 0 0
train/neg/000209 0 375 500 0 0
train/neg/000219 0 500 333 0 0
train/neg/000222 0 375 500 0 0
train/neg/000225 0 333 500 0 0
train/neg/000228 0 333 500 0 0
train/neg/000235 0 375 500 0 0
train/neg/000242 0 333 500 0 0
train/neg/000250 0 375 500 0 0
train/neg/000256 0 343 500 0 0
train/neg/000259 0 362 500 0 0
train/neg/000276 0 500 375 0 0
train/neg/000278 0 375 500 0 0
train/neg/000282 0 374 500 0 0
train/neg/000294 0 375 500 0 0
train/neg/000306 0 176 500 0 0
train/neg/000307 0 375 500 0 0
train/neg/000312 0 335 500 0 0
train/neg/000325 0 375 500 0 0
train/neg/000331 0 500 375 0 0
train/neg/000337 0 375 500 0 0
train/neg/000344 0 500 375 0 0
train/neg/000347 0 357 466 0 0
train/neg/000349 0 375 500 0 0
train/neg/000359 0 500 432 0 0
train/neg/000370 0 374 500 0 0
train/neg/000372 0 334 500 0 0
train/neg/000379 0 375 500 0 0
train/neg/000382 0 500 375 0 0
train/neg/000391 0 458 500 0 0
train/neg/000394 0 375 500 0 0
train/neg/000395 0 322 500 0 0
train/neg/000400 0 500 375 0 0
train/neg/000407 0 360 480 0 0
train/neg/000411 0 320 240 0 0
train/neg/000416 0 375 500 0 0
train/neg/000430 0 375 500 0 0
train/neg/000438 0 332 500 0 0
train/neg/000446 0 500 332 0 0
train/neg/000450 0 500 375 0 0
train/neg/000454 0 297 500 0 0
train/neg/000468 0 500 333 0 0
train/neg/000470 0 375 500 0 0
train/neg/000476 0 375 500 0 0
train/neg/000484 0 375 500 0 0
train/neg/000489 0 375 500 0 0
train/neg/000496 0 375 500 0 0
train/neg/000503 0 375 500 0 0
train/neg/000508 0 375 500 0 0
train/neg/000516 0 375 500 0 0
train/neg/000518 0 333 500 0 0
train/neg/000519 0 375 500 0 0
train/neg/000524 0 322 500 0 0
train/neg/000525 0 331 500 0 0
train/neg/000526 0 333 500 0 0
train/neg/000528 0 375 500 0 0
train/neg/000535 0 374 500 0 0
train/neg/000537 0 400 500 0 0
train/neg/000544 0 333 500 0 0
train/neg/000549 0 500 375 0 0
train/neg/000550 0 375 500 0 0
train/neg/000552 0 331 500 0 0
train/neg/000555 0 375 500 0 0
train/neg/000559 0 370 500 0 0
train/neg/000565 0 375 500 0 0
train/neg/000577 0 333 500 0 0
train/neg/000583 0 276 500 0 0
train/neg/000589 0 375 500 0 0
train/neg/000592 0 375 500 0 0
train/neg/000597 0 375 500 0 0
train/neg/000609 0 375 500 0 0
train/neg/000612 0 500 375 0 0
train/neg/000622 0 375 500 0 0
train/neg/000625 0 375 500 0 0
train/neg/000632 0 375 500 0 0
train/neg/000633 0 375 500 0 0
train/neg/000635 0 375 500 0 0
train/neg/000654 0 333 500 0 0
train/neg/000657 0 333 500 0 0
train/neg/000671 0 500 326 0 0
train/neg/000680 0 375 500 0 0
train/neg/000685 0 375 500 0 0
train/neg/000689 0 353 500 0 0
train/neg/000695 0 375 500 0 0
train/neg/000699 0 381 500 0 0
train/neg/000709 0 377 500 0 0
train/neg/000710 0 500 375 0 0
train/neg/000711 0 375 500 0 0
train/neg/000726 0 333 500 0 0
train/neg/000729 0 500 375 0 0
train/neg/000731 0 500 329 0 0
train/neg/000733 0 435 450 0 0
train/neg/000739 0 374 500 0 0
train/neg/000740 0 375 500 0 0
train/neg/000753 0 375 500 0 0
train/neg/000761 0 375 500 0 0
train/neg/000764 0 332 500 0 0
train/neg/000767 0 375 500 0 0
train/neg/000768 0 375 500 0 0
train/neg/000770 0 375 500 0 0
train/neg/000774 0 313 500 0 0
train/neg/000793 0 375 500 0 0
train/neg/000796 0 375 500 0 0
train/neg/000804 0 500 333 0 0
train/neg/000805 0 500 375 0 0
train/neg/000810 0 375 500 0 0
train/neg/000812 0 333 500 0 0
train/neg/000820 0 375 500 0 0
train/neg/000822 0 374 500 0 0
train/neg/000827 0 333 500 0 0
train/neg/000828 0 500 375 0 0
train/neg/000830 0 375 500 0 0
train/neg/000845 0 335 500 0 0
train/neg/000849 0 368 200 0 0
train/neg/000850 0 375 500 0 0
train/neg/000851 0 375 500 0 0
train/neg/000859 0 333 500 0 0
train/neg/000865 0 375 500 0 0
train/neg/000867 0 500 375 0 0
train/neg/000887 0 320 500 0 0
train/neg/000889 0 500 374 0 0
train/neg/000892 0 375 500 0 0
train/neg/000898 0 375 500 0 0
train/neg/000899 0 333 500 0 0
train/neg/000900 0 375 500 0 0
train/neg/000902 0 399 500 0 0
train/neg/000904 0 375 500 0 0
train/neg/000908 0 375 500 0 0
train/neg/000912 0 334 500 0 0
train/neg/000915 0 375 500 0 0
train/neg/000919 0 331 500 0 0
train/neg/000929 0 375 500 0 0
train/neg/000936 0 334 500 0 0
train/neg/000943 0 375 500 0 0
train/neg/000950 0 331 500 0 0
train/neg/000951 0 375 500 0 0
train/neg/000954 0 332 500 0 0
train/neg/000958 0 300 400 0 0
train/neg/000962 0 375 500 0 0
train/neg/000964 0 333 500 0 0
train/neg/000965 0 500 375 0 0
train/neg/000966 0 353 500 0 0
train/neg/000967 0 375 500 0 0
train/neg/000980 0 333 500 0 0
train/neg/000989 0 333 500 0 0
train/neg/000991 0 480 318 0 0
train/neg/000993 0 493 500 0 0
train/neg/000996 0 375 500 0 0
train/neg/000997 0 375 500 0 0
train/neg/000999 0 500 375 0 0
train/neg/001001 0 375 500 0 0
train/neg/001002 0 500 375 0 0
train/neg/001008 0 375 500 0 0
train/neg/001010 0 375 500 0 0
train/neg/001011 0 375 500 0 0
train/neg/001014 0 375 500 0 0
train/neg/001015 0 333 500 0 0
train/neg/001024 0 375 500 0 0
train/neg/001036 0 375 500 0 0
train/neg/001043 0 333 500 0 0
train/neg/001050 0 375 500 0 0
train/neg/001064 0 216 320 0 0
train/neg/001068 0 332 500 0 0
train/neg/001073 0 375 500 0 0
train/neg/001077 0 375 500 0 0
train/neg/001078 0 375 500 0 0
train/neg/001079 0 375 500 0 0
train/neg/001082 0 375 500 0 0
train/neg/001101 0 333 500 0 0
train/neg/001106 0 375 500 0 0
train/neg/001113 0 375 500 0 0
train/neg/001127 0 375 500 0 0
train/neg/001129 0 270 500 0 0
train/neg/001130 0 375 500 0 0
train/neg/001140 0 500 375 0 0
train/neg/001147 0 333 500 0 0
train/neg/001151 0 331 500 0 0
train/neg/001152 0 336 448 0 0
train/neg/001156 0 399 500 0 0
train/neg/001158 0 375 500 0 0
train/neg/001168 0 375 500 0 0
train/neg/001171 0 331 500 0 0
train/neg/001172 0 187 500 0 0
train/neg/001174 0 375 500 0 0
train/neg/001182 0 375 500 0 0
train/neg/001191 0 375 500 0 0
train/neg/001194 0 375 500 0 0
train/neg/001204 0 375 500 0 0
train/neg/001205 0 335 500 0 0
train/neg/001207 0 375 500 0 0
train/neg/001209 0 375 500 0 0
train/neg/001212 0 375 500 0 0
train/neg/001214 0 375 500 0 0
train/neg/001226 0 333 500 0 0
train/neg/001229 0 375 500 0 0
train/neg/001230 0 399 500 0 0
train/neg/001234 0 500 260 0 0
train/neg/001239 0 375 500 0 0
train/neg/001240 0 375 500 0 0
train/neg/001248 0 375 500 0 0
train/neg/001263 0 375 500 0 0
train/neg/001269 0 333 500 0 0
train/neg/001270 0 357 500 0 0
train/neg/001273 0 500 440 0 0
train/neg/001279 0 500 375 0 0
train/neg/001287 0 401 500 0 0
train/neg/001299 0 500 429 0 0
train/neg/001304 0 500 333 0 0
train/neg/001309 0 500 348 0 0
train/neg/001312 0 375 500 0 0
train/neg/001314 0 333 500 0 0
train/neg/001315 0 400 300 0 0
train/neg/001323 0 375 500 0 0
train/neg/001325 0 379 500 0 0
train/neg/001326 0 375 500 0 0
train/neg/001327 0 500 375 0 0
train/neg/001332 0 500 375 0 0
train/neg/001333 0 375 500 0 0
train/neg/001345 0 375 500 0 0
train/neg/001346 0 229 500 0 0
train/neg/001348 0 333 500 0 0
train/neg/001365 0 331 500 0 0
train/neg/001378 0 500 383 0 0
train/neg/001388 0 414 500 0 0
train/neg/001390 0 333 500 0 0
train/neg/001393 0 375 500 0 0
train/neg/001395 0 375 500 0 0
train/neg/001402 0 375 500 0 0
train/neg/001404 0 375 500 0 0
train/neg/001405 0 500 332 0 0
train/neg/001406 0 375 500 0 0
train/neg/001408 0 500 333 0 0
train/neg/001418 0 480 405 0 0
train/neg/001420 0 332 500 0 0
train/neg/001421 0 500 375 0 0
train/neg/001426 0 500 333 0 0
train/neg/001427 0 500 369 0 0
train/neg/001434 0 332 500 0 0
train/neg/001436 0 335 500 0 0
train/neg/001442 0 333 500 0 0
train/neg/001450 0 331 500 0 0
train/neg/001451 0 334 500 0 0
train/neg/001453 0 375 500 0 0
train/neg/001457 0 375 500 0 0
train/neg/001468 0 267 400 0 0
train/neg/001470 0 375 500 0 0
train/neg/001479 0 375 500 0 0
train/neg/001480 0 376 500 0 0
train/neg/001483 0 333 500 0 0
train/neg/001485 0 333 500 0 0
train/neg/001486 0 375 500 0 0
train/neg/001498 0 500 375 0 0
train/neg/001499 0 375 500 0 0
train/neg/001501 0 374 500 0 0
train/neg/001504 0 500 375 0 0
train/neg/001512 0 333 500 0 0
train/neg/001515 0 500 409 0 0
train/neg/001517 0 375 500 0 0
train/neg/001521 0 500 375 0 0
train/neg/001524 0 370 500 0 0
train/neg/001526 0 298 500 0 0
train/neg/001528 0 500 383 0 0
train/neg/001529 0 375 500 0 0
train/neg/001539 0 375 500 0 0
train/neg/001548 0 375 500 0 0
train/neg/001555 0 375 500 0 0
train/neg/001556 0 332 500 0 0
train/neg/001557 0 139 500 0 0
train/neg/001563 0 333 500 0 0
train/neg/001579 0 500 375 0 0
train/neg/001580 0 375 500 0 0
train/neg/001586 0 398 480 0 0
train/neg/001590 0 500 375 0 0
train/neg/001593 0 500 423 0 0
train/neg/001594 0 333 500 0 0
train/neg/001597 0 375 500 0 0
train/neg/001607 0 375 500 0 0
train/neg/001610 0 375 500 0 0
train/neg/001611 0 500 495 0 0
train/neg/001612 0 333 500 0 0
train/neg/001627 0 500 375 0 0
train/neg/001630 0 500 375 0 0
train/neg/001633 0 375 500 0 0
train/neg/001636 0 375 500 0 0
train/neg/001643 0 333 500 0 0
train/neg/001649 0 500 444 0 0
train/neg/001650 0 333 500 0 0
train/neg/001651 0 500 375 0 0
train/neg/001661 0 375 500 0 0
train/neg/001669 0 500 375 0 0
train/neg/001673 0 375 500 0 0
train/neg/001680 0 500 375 0 0
train/neg/001683 0 375 500 0 0
train/neg/001684 0 422 500 0 0
train/neg/001688 0 375 500 0 0
train/neg/001690 0 332 500 0 0
train/neg/001707 0 500 426 0 0
train/neg/001708 0 369 500 0 0
train/neg/001711 0 375 500 0 0
train/neg/001713 0 435 500 0 0
train/neg/001714 0 500 332 0 0
train/neg/001717 0 404 500 0 0
train/neg/001721 0 341 500 0 0
train/neg/001723 0 500 333 0 0
train/neg/001729 0 333 500 0 0
train/neg/001732 0 332 500 0 0
train/neg/001733 0 500 500 0 0
train/neg/001734 0 375 500 0 0
train/neg/001738 0 375 500 0 0
train/neg/001739 0 500 333 0 0
train/neg/001741 0 254 400 0 0
train/neg/001750 0 333 500 0 0
train/neg/001752 0 500 375 0 0
train/neg/001754 0 500 375 0 0
train/neg/001758 0 500 374 0 0
train/neg/001759 0 375 500 0 0
train/neg/001761 0 333 500 0 0
train/neg/001765 0 375 500 0 0
train/neg/001766 0 375 500 0 0
train/neg/001768 0 500 375 0 0
train/neg/001777 0 334 500 0 0
train/neg/001787 0 375 500 0 0
train/neg/001789 0 375 500 0 0
train/neg/001800 0 500 375 0 0
train/neg/001806 0 500 328 0 0
train/neg/001809 0 500 436 0 0
train/neg/001810 0 375 500 0 0
train/neg/001825 0 375 500 0 0
train/neg/001828 0 500 333 0 0
train/neg/001832 0 375 500 0 0
train/neg/001834 0 334 500 0 0
train/neg/001836 0 375 500 0 0
train/neg/001840 0 375 500 0 0
train/neg/001841 0 500 375 0 0
train/neg/001843 0 375 500 0 0
train/neg/001853 0 375 500 0 0
train/neg/001854 0 499 333 0 0
train/neg/001858 0 333 500 0 0
train/neg/001861 0 363 500 0 0
train/neg/001864 0 375 500 0 0
train/neg/001870 0 400 400 0 0
train/neg/001892 0 375 500 0 0
train/neg/001894 0 375 500 0 0
train/neg/001896 0 375 500 0 0
train/neg/001898 0 500 374 0 0
train/neg/001903 0 333 500 0 0
train/neg/001904 0 335 500 0 0
train/neg/001906 0 301 500 0 0
train/neg/001915 0 375 500 0 0
train/neg/001922 0 400 500 0 0
train/neg/001928 0 500 500 0 0
train/neg/001930 0 346 500 0 0
train/neg/001938 0 375 500 0 0
train/neg/001941 0 375 500 0 0
train/neg/001945 0 480 318 0 0
train/neg/001952 0 397 500 0 0
train/neg/001960 0 500 329 0 0
train/neg/001963 0 375 500 0 0
train/neg/001971 0 375 500 0 0
train/neg/001977 0 310 500 0 0
train/neg/001978 0 334 500 0 0
train/neg/001981 0 375 500 0 0
train/neg/001985 0 500 333 0 0
train/neg/001989 0 375 500 0 0
train/neg/001995 0 500 375 0 0
train/neg/001999 0 375 500 0 0
train/neg/002001 0 375 500 0 0
train/neg/002002 0 375 500 0 0
train/neg/002004 0 500 375 0 0
train/neg/002006 0 375 500 0 0
train/neg/002012 0 500 375 0 0
train/neg/002015 0 375 500 0 0
train/neg/002020 0 333 500 0 0
train/neg/002025 0 500 375 0 0
train/neg/002027 0 375 500 0 0
train/neg/002034 0 288 500 0 0
train/neg/002037 0 375 500 0 0
train/neg/002042 0 360 480 0 0
train/neg/002043 0 500 454 0 0
train/neg/002047 0 375 500 0 0
train/neg/002049 0 315 500 0 0
train/neg/002051 0 500 333 0 0
train/neg/002055 0 375 500 0 0
train/neg/002061 0 375 500 0 0
train/neg/002068 0 335 500 0 0
train/neg/002069 0 375 500 0 0
train/neg/002095 0 383 293 0 0
train/neg/002096 0 500 334 0 0
train/neg/002104 0 332 500 0 0
train/neg/002108 0 375 500 0 0
train/neg/002117 0 500 375 0 0
train/neg/002120 0 335 500 0 0
train/neg/002126 0 375 500 0 0
train/neg/002132 0 375 500 0 0
train/neg/002139 0 500 400 0 0
train/neg/002151 0 500 375 0 0
train/neg/002155 0 333 500 0 0
train/neg/002156 0 375 500 0 0
train/neg/002158 0 300 500 0 0
train/neg/002166 0 337 500 0 0
train/neg/002172 0 375 500 0 0
train/neg/002176 0 404 500 0 0
train/neg/002179 0 375 500 0 0
train/neg/002186 0 375 500 0 0
train/neg/002187 0 332 500 0 0
train/neg/002191 0 375 500 0 0
train/neg/002192 0 375 500 0 0
train/neg/002193 0 375 500 0 0
train/neg/002194 0 333 500 0 0
train/neg/002196 0 500 375 0 0
train/neg/002199 0 372 500 0 0
train/neg/002208 0 375 500 0 0
train/neg/002212 0 334 500 0 0
train/neg/002215 0 261 500 0 0
train/neg/002219 0 375 500 0 0
train/neg/002221 0 500 375 0 0
train/neg/002224 0 375 500 0 0
train/neg/002234 0 375 500 0 0
train/neg/002237 0 375 500 0 0
train/neg/002238 0 327 500 0 0
train/neg/002249 0 332 500 0 0
train/neg/002253 0 385 500 0 0
train/neg/002255 0 336 392 0 0
train/neg/002256 0 375 500 0 0
train/neg/002260 0 330 500 0 0
train/neg/002265 0 500 333 0 0
train/neg/002277 0 500 383 0 0
train/neg/002279 0 333 500 0 0
train/neg/002280 0 351 500 0 0
train/neg/002284 0 500 375 0 0
train/neg/002287 0 375 500 0 0
train/neg/002293 0 500 332 0 0
train/neg/002306 0 360 270 0 0
train/neg/002310 0 333 500 0 0
train/neg/002315 0 333 500 0 0
train/neg/002318 0 375 500 0 0
train/neg/002320 0 335 500 0 0
train/neg/002321 0 500 335 0 0
train/neg/002323 0 375 500 0 0
train/neg/002334 0 375 500 0 0
train/neg/002335 0 375 500 0 0
train/neg/002342 0 500 376 0 0
train/neg/002347 0 375 500 0 0
train/neg/002350 0 500 375 0 0
train/neg/002354 0 375 500 0 0
train/neg/002359 0 375 500 0 0
train/neg/002362 0 375 500 0 0
train/neg/002368 0 500 333 0 0
train/neg/002384 0 375 500 0 0
train/neg/002392 0 375 500 0 0
train/neg/002401 0 500 333 0 0
train/neg/002403 0 375 500 0 0
train/neg/002405 0 431 500 0 0
train/neg/002410 0 375 500 0 0
train/neg/002413 0 500 375 0 0
train/neg/002419 0 344 500 0 0
train/neg/002423 0 361 500 0 0
train/neg/002433 0 375 500 0 0
train/neg/002442 0 500 375 0 0
train/neg/002443 0 500 333 0 0
train/neg/002445 0 500 360 0 0
train/neg/002448 0 480 412 0 0
train/neg/002458 0 375 500 0 0
train/neg/002461 0 375 500 0 0
train/neg/002465 0 375 500 0 0
train/neg/002466 0 333 500 0 0
train/neg/002468 0 358 500 0 0
train/neg/002471 0 375 500 0 0
train/neg/002472 0 375 500 0 0
train/neg/002480 0 375 500 0 0
train/neg/002481 0 500 334 0 0
train/neg/002483 0 375 500 0 0
train/neg/002494 0 375 500 0 0
train/neg/002496 0 404 500 0 0
train/neg/002500 0 500 375 0 0
train/neg/002501 0 375 500 0 0
train/neg/002502 0 500 335 0 0
train/neg/002512 0 375 500 0 0
train/neg/002514 0 333 500 0 0
train/neg/002518 0 332 500 0 0
train/neg/002519 0 375 500 0 0
train/neg/002539 0 333 500 0 0
train/neg/002545 0 500 375 0 0
train/neg/002547 0 375 500 0 0
train/neg/002554 0 332 500 0 0
train/neg/002555 0 375 500 0 0
train/neg/002558 0 375 500 0 0
train/neg/002564 0 333 500 0 0
train/neg/002569 0 500 378 0 0
train/neg/002571 0 333 500 0 0
train/neg/002572 0 333 500 0 0
train/neg/002579 0 500 384 0 0
train/neg/002590 0 500 375 0 0
train/neg/002594 0 235 500 0 0
train/neg/002599 0 375 500 0 0
train/neg/002603 0 375 500 0 0
train/neg/002609 0 342 500 0 0
train/neg/002611 0 375 500 0 0
train/neg/002627 0 500 375 0 0
train/neg/002634 0 339 500 0 0
train/neg/002635 0 334 500 0 0
train/neg/002645 0 332 500 0 0
train/neg/002648 0 375 500 0 0
train/neg/002653 0 375 500 0 0
train/neg/002662 0 378 500 0 0
train/neg/002664 0 335 500 0 0
train/neg/002669 0 375 500 0 0
train/neg/002680 0 334 500 0 0
train/neg/002683 0 375 500 0 0
train/neg/002684 0 500 447 0 0
train/neg/002697 0 498 480 0 0
train/neg/002702 0 500 333 0 0
train/neg/002710 0 331 500 0 0
train/neg/002713 0 500 375 0 0
train/neg/002715 0 375 500 0 0
train/neg/002722 0 375 500 0 0
train/neg/002735 0 480 423 0 0
train/neg/002737 0 335 500 0 0
train/neg/002738 0 281 500 0 0
train/neg/002744 0 378 500 0 0
train/neg/002745 0 500 375 0 0
train/neg/002749 0 375 500 0 0
train/neg/002755 0 375 500 0 0
train/neg/002757 0 381 500 0 0
train/neg/002763 0 375 500 0 0
train/neg/002765 0 332 500 0 0
train/neg/002766 0 375 500 0 0
train/neg/002774 0 375 500 0 0
train/neg/002778 0 375 500 0 0
train/neg/002782 0 333 500 0 0
train/neg/002791 0 319 500 0 0
train/neg/002795 0 375 500 0 0
train/neg/002796 0 500 332 0 0
train/neg/002801 0 375 500 0 0
train/neg/002807 0 500 471 0 0
train/neg/002816 0 375 500 0 0
train/neg/002817 0 375 500 0 0
train/neg/002820 0 371 500 0 0
train/neg/002826 0 500 333 0 0
train/neg/002834 0 488 500 0 0
train/neg/002841 0 500 375 0 0
train/neg/002844 0 325 500 0 0
train/neg/002845 0 500 375 0 0
train/neg/002848 0 96 500 0 0
train/neg/002855 0 375 500 0 0
train/neg/002858 0 500 333 0 0
train/neg/002864 0 375 500 0 0
train/neg/002866 0 375 500 0 0
train/neg/002867 0 500 374 0 0
train/neg/002868 0 375 500 0 0
train/neg/002869 0 333 500 0 0
train/neg/002870 0 333 500 0 0
train/neg/002873 0 375 500 0 0
train/neg/002881 0 500 500 0 0
train/neg/002899 0 500 375 0 0
train/neg/002906 0 500 375 0 0
train/neg/002914 0 375 500 0 0
train/neg/002919 0 375 500 0 0
train/neg/002931 0 375 500 0 0
train/neg/002934 0 500 393 0 0
train/neg/002939 0 375 500 0 0
train/neg/002953 0 370 500 0 0
train/neg/002956 0 375 500 0 0
train/neg/002957 0 375 500 0 0
train/neg/002958 0 333 500 0 0
train/neg/002962 0 334 500 0 0
train/neg/002969 0 375 500 0 0
train/neg/002975 0 285 500 0 0
train/neg/002976 0 500 251 0 0
train/neg/002987 0 334 500 0 0
train/neg/002988 0 375 500 0 0
train/neg/002989 0 333 500 0 0
train/neg/002990 0 375 500 0 0
train/neg/002992 0 500 333 0 0
train/neg/002995 0 500 408 0 0
train/neg/003002 0 500 375 0 0
train/neg/003003 0 375 500 0 0
train/neg/003011 0 375 500 0 0
train/neg/003024 0 208 500 0 0
train/neg/003034 0 375 500 0 0
train/neg/003042 0 375 500 0 0
train/neg/003047 0 377 500 0 0
train/neg/003061 0 333 500 0 0
train/neg/003063 0 500 375 0 0
train/neg/003066 0 426 500 0 0
train/neg/003074 0 333 500 0 0
train/neg/003077 0 332 500 0 0
train/neg/003085 0 376 500 0 0
train/neg/003088 0 375 500 0 0
train/neg/003100 0 375 400 0 0
train/neg/003105 0 333 500 0 0
train/neg/003106 0 375 500 0 0
train/neg/003107 0 500 332 0 0
train/neg/003108 0 375 500 0 0
train/neg/003110 0 358 500 0 0
train/neg/003116 0 400 500 0 0
train/neg/003122 0 375 500 0 0
train/neg/003124 0 375 500 0 0
train/neg/003133 0 333 500 0 0
train/neg/003134 0 366 500 0 0
train/neg/003135 0 375 500 0 0
train/neg/003138 0 375 500 0 0
train/neg/003140 0 335 500 0 0
train/neg/003145 0 375 500 0 0
train/neg/003146 0 375 500 0 0
train/neg/003147 0 332 500 0 0
train/neg/003149 0 375 500 0 0
train/neg/003150 0 375 500 0 0
train/neg/003155 0 500 333 0 0
train/neg/003157 0 500 375 0 0
train/neg/003159 0 360 480 0 0
train/neg/003161 0 328 500 0 0
train/neg/003163 0 295 500 0 0
train/neg/003169 0 375 500 0 0
train/neg/003175 0 500 333 0 0
train/neg/003181 0 375 500 0 0
train/neg/003183 0 375 500 0 0
train/neg/003184 0 375 500 0 0
train/neg/003185 0 375 500 0 0
train/neg/003188 0 375 500 0 0
train/neg/003202 0 375 500 0 0
train/neg/003204 0 375 500 0 0
train/neg/003205 0 500 333 0 0
train/neg/003211 0 375 500 0 0
train/neg/003229 0 375 500 0 0
train/neg/003233 0 375 500 0 0
train/neg/003236 0 375 500 0 0
train/neg/003242 0 375 500 0 0
train/neg/003244 0 375 500 0 0
train/neg/003247 0 375 500 0 0
train/neg/003253 0 430 500 0 0
train/neg/003254 0 375 500 0 0
train/neg/003259 0 333 500 0 0
train/neg/003260 0 500 326 0 0
train/neg/003269 0 375 500 0 0
train/neg/003270 0 333 500 0 0
train/neg/003273 0 500 375 0 0
train/neg/003279 0 400 500 0 0
train/neg/003280 0 333 500 0 0
train/neg/003282 0 500 334 0 0
train/neg/003284 0 375 500 0 0
train/neg/003290 0 332 500 0 0
train/neg/003292 0 240 360 0 0
train/neg/003303 0 500 332 0 0
train/neg/003308 0 500 375 0 0
train/neg/003320 0 333 500 0 0
train/neg/003330 0 333 500 0 0
train/neg/003336 0 375 500 0 0
train/neg/003337 0 375 500 0 0
train/neg/003338 0 329 500 0 0
train/neg/003339 0 288 432 0 0
train/neg/003343 0 375 500 0 0
train/neg/003349 0 333 500 0 0
train/neg/003350 0 334 500 0 0
train/neg/003354 0 331 500 0 0
train/neg/003356 0 375 500 0 0
train/neg/003365 0 333 500 0 0
train/neg/003367 0 375 500 0 0
train/neg/003369 0 375 500 0 0
train/neg/003373 0 375 500 0 0
train/neg/003374 0 359 480 0 0
train/neg/003380 0 375 500 0 0
train/neg/003382 0 500 375 0 0
train/neg/003392 0 375 500 0 0
train/neg/003395 0 500 375 0 0
train/neg/003396 0 344 500 0 0
train/neg/003401 0 281 500 0 0
train/neg/003408 0 375 500 0 0
train/neg/003412 0 500 332 0 0
train/neg/003413 0 375 500 0 0
train/neg/003416 0 333 500 0 0
train/neg/003417 0 335 500 0 0
train/neg/003421 0 500 375 0 0
train/neg/003424 0 500 333 0 0
train/neg/003430 0 375 500 0 0
train/neg/003433 0 500 375 0 0
train/neg/003436 0 375 500 0 0
train/neg/003439 0 333 500 0 0
train/neg/003441 0 375 500 0 0
train/neg/003450 0 388 500 0 0
train/neg/003452 0 500 333 0 0
train/neg/003466 0 375 500 0 0
train/neg/003477 0 375 500 0 0
train/neg/003487 0 375 500 0 0
train/neg/003489 0 375 500 0 0
train/neg/003491 0 375 500 0 0
train/neg/003493 0 372 500 0 0
train/neg/003496 0 333 500 0 0
train/neg/003497 0 335 500 0 0
train/neg/003499 0 375 500 0 0
train/neg/003500 0 375 500 0 0
train/neg/003506 0 332 500 0 0
train/neg/003508 0 500 333 0 0
train/neg/003509 0 500 375 0 0
train/neg/003510 0 375 500 0 0
train/neg/003511 0 332 500 0 0
train/neg/003522 0 375 500 0 0
train/neg/003524 0 500 459 0 0
train/neg/003525 0 375 500 0 0
train/neg/003529 0 333 500 0 0
train/neg/003539 0 375 500 0 0
train/neg/003548 0 375 500 0 0
train/neg/003549 0 278 370 0 0
train/neg/003550 0 500 333 0 0
train/neg/003564 0 335 500 0 0
train/neg/003565 0 375 500 0 0
train/neg/003575 0 375 500 0 0
train/neg/003576 0 265 500 0 0
train/neg/003577 0 375 500 0 0
train/neg/003585 0 500 333 0 0
train/neg/003586 0 212 320 0 0
train/neg/003588 0 333 500 0 0
train/neg/003599 0 332 500 0 0
train/neg/003603 0 375 500 0 0
train/neg/003604 0 375 500 0 0
train/neg/003605 0 386 500 0 0
train/neg/003609 0 270 360 0 0
train/neg/003614 0 375 500 0 0
train/neg/003621 0 343 500 0 0
train/neg/003622 0 375 500 0 0
train/neg/003625 0 332 500 0 0
train/neg/003627 0 333 500 0 0
train/neg/003628 0 333 500 0 0
train/neg/003629 0 375 500 0 0
train/neg/003635 0 375 500 0 0
train/neg/003642 0 260 500 0 0
train/neg/003644 0 281 500 0 0
train/neg/003645 0 330 500 0 0
train/neg/003646 0 375 500 0 0
train/neg/003656 0 313 500 0 0
train/neg/003658 0 341 500 0 0
train/neg/003662 0 500 333 0 0
train/neg/003663 0 333 500 0 0
train/neg/003664 0 375 500 0 0
train/neg/003671 0 333 500 0 0
train/neg/003678 0 332 500 0 0
train/neg/003679 0 332 500 0 0
train/neg/003681 0 375 500 0 0
train/neg/003688 0 333 500 0 0
train/neg/003694 0 333 500 0 0
train/neg/003695 0 318 480 0 0
train/neg/003698 0 375 500 0 0
train/neg/003699 0 375 500 0 0
train/neg/003700 0 375 500 0 0
train/neg/003704 0 375 500 0 0
train/neg/003705 0 375 500 0 0
train/neg/003714 0 375 500 0 0
train/neg/003732 0 500 375 0 0
train/neg/003735 0 345 480 0 0
train/neg/003740 0 375 500 0 0
train/neg/003743 0 281 500 0 0
train/neg/003748 0 375 500 0 0
train/neg/003749 0 375 500 0 0
train/neg/003751 0 334 500 0 0
train/neg/003752 0 375 500 0 0
train/neg/003758 0 333 500 0 0
train/neg/003759 0 375 500 0 0
train/neg/003763 0 375 500 0 0
train/neg/003767 0 375 500 0 0
train/neg/003773 0 333 500 0 0
train/neg/003779 0 465 480 0 0
train/neg/003781 0 375 500 0 0
train/neg/003784 0 500 328 0 0
train/neg/003786 0 281 500 0 0
train/neg/003788 0 281 500 0 0
train/neg/003792 0 338 500 0 0
train/neg/003797 0 414 500 0 0
train/neg/003807 0 375 500 0 0
train/neg/003811 0 374 500 0 0
train/neg/003817 0 333 500 0 0
train/neg/003818 0 335 500 0 0
train/neg/003827 0 330 500 0 0
train/neg/003828 0 500 403 0 0
train/neg/003830 0 344 500 0 0
train/neg/003834 0 375 500 0 0
train/neg/003847 0 375 500 0 0
train/neg/003849 0 332 500 0 0
train/neg/003856 0 370 500 0 0
train/neg/003859 0 500 375 0 0
train/neg/003860 0 333 500 0 0
train/neg/003861 0 334 500 0 0
train/neg/003865 0 375 500 0 0
train/neg/003866 0 338 500 0 0
train/neg/003874 0 375 500 0 0
train/neg/003879 0 375 500 0 0
train/neg/003887 0 500 361 0 0
train/neg/003889 0 318 480 0 0
train/neg/003890 0 500 374 0 0
train/neg/003898 0 185 500 0 0
train/neg/003899 0 375 500 0 0
train/neg/003907 0 375 500 0 0
train/neg/003912 0 394 500 0 0
train/neg/003913 0 375 500 0 0
train/neg/003921 0 375 500 0 0
train/neg/003932 0 500 375 0 0
train/neg/003935 0 375 500 0 0
train/neg/003939 0 198 500 0 0
train/neg/003945 0 334 500 0 0
train/neg/003949 0 332 500 0 0
train/neg/003953 0 500 375 0 0
train/neg/003956 0 500 375 0 0
train/neg/003961 0 500 375 0 0
train/neg/003969 0 334 500 0 0
train/neg/003970 0 480 318 0 0
train/neg/003983 0 333 500 0 0
train/neg/003988 0 336 448 0 0
train/neg/003991 0 389 500 0 0
train/neg/003993 0 333 500 0 0
train/neg/004005 0 373 500 0 0
train/neg/004008 0 333 500 0 0
train/neg/004009 0 366 500 0 0
train/neg/004012 0 500 375 0 0
train/neg/004013 0 423 500 0 0
train/neg/004014 0 500 375 0 0
train/neg/004016 0 375 500 0 0
train/neg/004017 0 375 500 0 0
train/neg/004023 0 375 500 0 0
train/neg/004028 0 375 500 0 0
train/neg/004033 0 342 500 0 0
train/neg/004034 0 500 375 0 0
train/neg/004035 0 375 500 0 0
train/neg/004037 0 500 338 0 0
train/neg/004046 0 335 500 0 0
train/neg/004052 0 319 500 0 0
train/neg/004058 0 500 333 0 0
train/neg/004067 0 331 500 0 0
train/neg/004092 0 375 500 0 0
train/neg/004093 0 333 500 0 0
train/neg/004095 0 334 500 0 0
train/neg/004100 0 333 500 0 0
train/neg/004106 0 375 500 0 0
train/neg/004111 0 375 500 0 0
train/neg/004120 0 333 500 0 0
train/neg/004121 0 332 500 0 0
train/neg/004129 0 375 500 0 0
train/neg/004131 0 333 500 0 0
train/neg/004133 0 334 500 0 0
train/neg/004137 0 375 500 0 0
train/neg/004138 0 480 320 0 0
train/neg/004140 0 375 500 0 0
train/neg/004146 0 375 500 0 0
train/neg/004149 0 375 500 0 0
train/neg/004152 0 500 375 0 0
train/neg/004158 0 333 500 0 0
train/neg/004163 0 500 500 0 0
train/neg/004164 0 375 500 0 0
train/neg/004168 0 439 500 0 0
train/neg/004169 0 500 333 0 0
train/neg/004170 0 335 500 0 0
train/neg/004171 0 500 446 0 0
train/neg/004189 0 333 500 0 0
train/neg/004190 0 375 500 0 0
train/neg/004196 0 336 500 0 0
train/neg/004200 0 270 375 0 0
train/neg/004201 0 375 500 0 0
train/neg/004209 0 375 500 0 0
train/neg/004215 0 375 500 0 0
train/neg/004220 0 333 500 0 0
train/neg/004221 0 375 500 0 0
train/neg/004223 0 327 500 0 0
train/neg/004224 0 375 500 0 0
train/neg/004232 0 263 500 0 0
train/neg/004237 0 375 500 0 0
train/neg/004241 0 375 500 0 0
train/neg/004247 0 400 500 0 0
train/neg/004253 0 375 500 0 0
train/neg/004255 0 376 500 0 0
train/neg/004256 0 323 500 0 0
train/neg/004263 0 335 500 0 0
train/neg/004269 0 332 500 0 0
train/neg/004270 0 375 500 0 0
train/neg/004271 0 500 432 0 0
train/neg/004272 0 500 375 0 0
train/neg/004273 0 375 500 0 0
train/neg/004280 0 500 333 0 0
train/neg/004281 0 375 500 0 0
train/neg/004283 0 500 375 0 0
train/neg/004287 0 400 500 0 0
train/neg/004291 0 500 375 0 0
train/neg/004292 0 500 374 0 0
train/neg/004296 0 500 375 0 0
train/neg/004300 0 375 500 0 0
train/neg/004307 0 332 500 0 0
train/neg/004315 0 500 335 0 0
train/neg/004318 0 500 375 0 0
train/neg/004322 0 500 333 0 0
train/neg/004325 0 500 390 0 0
train/neg/004327 0 422 500 0 0
train/neg/004333 0 375 500 0 0
train/neg/004338 0 333 500 0 0
train/neg/004339 0 500 332 0 0
train/neg/004345 0 332 500 0 0
train/neg/004347 0 333 500 0 0
train/neg/004359 0 375 500 0 0
train/neg/004360 0 500 333 0 0
train/neg/004361 0 375 500 0 0
train/neg/004370 0 333 500 0 0
train/neg/004371 0 491 500 0 0
train/neg/004372 0 332 500 0 0
train/neg/004376 0 374 500 0 0
train/neg/004379 0 375 500 0 0
train/neg/004389 0 500 327 0 0
train/neg/004391 0 333 500 0 0
train/neg/004392 0 375 500 0 0
train/neg/004404 0 375 500 0 0
train/neg/004434 0 375 500 0 0
train/neg/004436 0 500 332 0 0
train/neg/004441 0 500 374 0 0
train/neg/004452 0 375 500 0 0
train/neg/004470 0 375 500 0 0
train/neg/004471 0 500 281 0 0
train/neg/004479 0 375 500 0 0
train/neg/004484 0 375 500 0 0
train/neg/004496 0 333 500 0 0
train/neg/004500 0 360 480 0 0
train/neg/004502 0 413 500 0 0
train/neg/004508 0 334 500 0 0
train/neg/004510 0 375 500 0 0
train/neg/004514 0 375 500 0 0
train/neg/004517 0 500 421 0 0
train/neg/004520 0 478 500 0 0
train/neg/004524 0 375 500 0 0
train/neg/004537 0 388 500 0 0
train/neg/004540 0 500 333 0 0
train/neg/004548 0 367 500 0 0
train/neg/004549 0 375 500 0 0
train/neg/004551 0 375 500 0 0
train/neg/004553 0 334 500 0 0
train/neg/004562 0 500 375 0 0
train/neg/004565 0 500 500 0 0
train/neg/004566 0 375 500 0 0
train/neg/004570 0 375 500 0 0
train/neg/004571 0 323 500 0 0
train/neg/004579 0 372 500 0 0
train/neg/004584 0 375 500 0 0
train/neg/004587 0 500 333 0 0
train/neg/004595 0 375 500 0 0
train/neg/004597 0 375 500 0 0
train/neg/004605 0 333 500 0 0
train/neg/004607 0 375 500 0 0
train/neg/004611 0 375 500 0 0
train/neg/004612 0 332 500 0 0
train/neg/004622 0 500 375 0 0
train/neg/004623 0 378 500 0 0
train/neg/004625 0 375 500 0 0
train/neg/004627 0 375 500 0 0
train/neg/004628 0 333 500 0 0
train/neg/004631 0 500 375 0 0
train/neg/004634 0 500 460 0 0
train/neg/004636 0 280 500 0 0
train/neg/004643 0 374 500 0 0
train/neg/004644 0 333 500 0 0
train/neg/004648 0 375 500 0 0
train/neg/004651 0 375 500 0 0
train/neg/004656 0 500 375 0 0
train/neg/004671 0 500 317 0 0
train/neg/004675 0 190 500 0 0
train/neg/004679 0 375 500 0 0
train/neg/004683 0 375 500 0 0
train/neg/004685 0 500 333 0 0
train/neg/004686 0 322 500 0 0
train/neg/004693 0 333 500 0 0
train/neg/004694 0 500 252 0 0
train/neg/004701 0 375 500 0 0
train/neg/004702 0 307 500 0 0
train/neg/004706 0 357 500 0 0
train/neg/004710 0 331 500 0 0
train/neg/004714 0 375 500 0 0
train/neg/004715 0 375 500 0 0
train/neg/004718 0 375 500 0 0
train/neg/004723 0 375 500 0 0
train/neg/004735 0 375 500 0 0
train/neg/004737 0 333 500 0 0
train/neg/004742 0 375 500 0 0
train/neg/004743 0 375 500 0 0
train/neg/004753 0 375 500 0 0
train/neg/004754 0 500 375 0 0
train/neg/004760 0 375 500 0 0
train/neg/004773 0 500 375 0 0
train/neg/004776 0 375 500 0 0
train/neg/004782 0 334 500 0 0
train/neg/004783 0 334 500 0 0
train/neg/004790 0 375 500 0 0
train/neg/004792 0 500 375 0 0
train/neg/004794 0 329 500 0 0
train/neg/004797 0 333 500 0 0
train/neg/004799 0 500 341 0 0
train/neg/004801 0 333 500 0 0
train/neg/004815 0 332 500 0 0
train/neg/004832 0 471 474 0 0
train/neg/004836 0 446 500 0 0
train/neg/004837 0 375 500 0 0
train/neg/004841 0 375 500 0 0
train/neg/004842 0 333 500 0 0
train/neg/004846 0 338 500 0 0
train/neg/004848 0 490 500 0 0
train/neg/004849 0 500 336 0 0
train/neg/004857 0 375 500 0 0
train/neg/004869 0 500 350 0 0
train/neg/004876 0 248 500 0 0
train/neg/004879 0 330 500 0 0
train/neg/004882 0 333 500 0 0
train/neg/004885 0 375 500 0 0
train/neg/004897 0 333 500 0 0
train/neg/004898 0 375 500 0 0
train/neg/004902 0 375 500 0 0
train/neg/004905 0 333 500 0 0
train/neg/004907 0 333 500 0 0
train/neg/004910 0 500 333 0 0
train/neg/004911 0 375 500 0 0
train/neg/004913 0 375 500 0 0
train/neg/004929 0 375 500 0 0
train/neg/004951 0 375 500 0 0
train/neg/004955 0 374 500 0 0
train/neg/004958 0 333 500 0 0
train/neg/004966 0 326 500 0 0
train/neg/004968 0 500 329 0 0
train/neg/004972 0 500 393 0 0
train/neg/004974 0 329 500 0 0
train/neg/004976 0 338 500 0 0
train/neg/004984 0 375 500 0 0
train/neg/004987 0 500 307 0 0
train/neg/004990 0 375 500 0 0
train/neg/004991 0 375 500 0 0
train/neg/004992 0 375 500 0 0
train/neg/004995 0 500 332 0 0
train/neg/005001 0 333 500 0 0
train/neg/005004 0 333 500 0 0
train/neg/005006 0 500 375 0 0
train/neg/005007 0 375 500 0 0
train/neg/005016 0 333 500 0 0
train/neg/005018 0 331 500 0 0
train/neg/005023 0 500 394 0 0
train/neg/005024 0 375 500 0 0
train/neg/005026 0 375 500 0 0
train/neg/005027 0 375 500 0 0
train/neg/005029 0 335 500 0 0
train/neg/005032 0 500 335 0 0
train/neg/005033 0 379 500 0 0
train/neg/005045 0 375 500 0 0
train/neg/005052 0 500 325 0 0
train/neg/005057 0 335 500 0 0
train/neg/005058 0 375 500 0 0
train/neg/005061 0 375 500 0 0
train/neg/005073 0 375 500 0 0
train/neg/005078 0 375 500 0 0
train/neg/005084 0 375 500 0 0
train/neg/005086 0 375 500 0 0
train/neg/005093 0 500 333 0 0
train/neg/005094 0 375 500 0 0
train/neg/005097 0 375 500 0 0
train/neg/005101 0 500 375 0 0
train/neg/005107 0 375 500 0 0
train/neg/005108 0 281 500 0 0
train/neg/005114 0 322 500 0 0
train/neg/005121 0 333 500 0 0
train/neg/005122 0 500 333 0 0
train/neg/005124 0 324 500 0 0
train/neg/005129 0 375 500 0 0
train/neg/005130 0 500 500 0 0
train/neg/005134 0 375 500 0 0
train/neg/005138 0 445 500 0 0
train/neg/005143 0 289 274 0 0
train/neg/005153 0 375 500 0 0
train/neg/005168 0 333 500 0 0
train/neg/005171 0 313 500 0 0
train/neg/005173 0 289 500 0 0
train/neg/005177 0 500 377 0 0
train/neg/005181 0 375 500 0 0
train/neg/005183 0 500 375 0 0
train/neg/005186 0 375 500 0 0
train/neg/005189 0 405 500 0 0
train/neg/005190 0 375 500 0 0
train/neg/005191 0 375 500 0 0
train/neg/005202 0 375 500 0 0
train/neg/005203 0 375 500 0 0
train/neg/005208 0 333 500 0 0
train/neg/005215 0 375 500 0 0
train/neg/005217 0 335 500 0 0
train/neg/005219 0 333 500 0 0
train/neg/005223 0 375 500 0 0
train/neg/005231 0 375 500 0 0
train/neg/005236 0 375 500 0 0
train/neg/005244 0 375 500 0 0
train/neg/005245 0 375 500 0 0
train/neg/005246 0 387 500 0 0
train/neg/005257 0 333 500 0 0
train/neg/005258 0 375 500 0 0
train/neg/005260 0 235 500 0 0
train/neg/005269 0 395 500 0 0
train/neg/005283 0 375 500 0 0
train/neg/005285 0 375 500 0 0
train/neg/005288 0 375 500 0 0
train/neg/005290 0 333 500 0 0
train/neg/005292 0 376 500 0 0
train/neg/005297 0 333 500 0 0
train/neg/005303 0 500 378 0 0
train/neg/005304 0 400 500 0 0
train/neg/005307 0 375 500 0 0
train/neg/005310 0 333 500 0 0
train/neg/005311 0 332 500 0 0
train/neg/005327 0 375 500 0 0
train/neg/005336 0 500 429 0 0
train/neg/005337 0 223 500 0 0
train/neg/005338 0 375 500 0 0
train/neg/005344 0 500 334 0 0
train/neg/005345 0 500 375 0 0
train/neg/005351 0 375 500 0 0
train/neg/005358 0 375 500 0 0
train/neg/005360 0 335 500 0 0
train/neg/005363 0 500 375 0 0
train/neg/005368 0 500 334 0 0
train/neg/005369 0 375 500 0 0
train/neg/005374 0 374 500 0 0
train/neg/005388 0 500 375 0 0
train/neg/005389 0 244 432 0 0
train/neg/005391 0 375 500 0 0
train/neg/005396 0 475 500 0 0
train/neg/005404 0 375 500 0 0
train/neg/005405 0 500 375 0 0
train/neg/005406 0 333 500 0 0
train/neg/005408 0 300 400 0 0
train/neg/005410 0 333 500 0 0
train/neg/005413 0 500 375 0 0
train/neg/005414 0 333 500 0 0
train/neg/005417 0 375 500 0 0
train/neg/005420 0 500 445 0 0
train/neg/005424 0 500 326 0 0
train/neg/005433 0 375 500 0 0
train/neg/005440 0 335 500 0 0
train/neg/005445 0 500 375 0 0
train/neg/005448 0 331 500 0 0
train/neg/005450 0 500 357 0 0
train/neg/005451 0 500 375 0 0
train/neg/005453 0 333 500 0 0
train/neg/005455 0 293 383 0 0
train/neg/005467 0 375 500 0 0
train/neg/005478 0 500 376 0 0
train/neg/005487 0 333 500 0 0
train/neg/005496 0 346 500 0 0
train/neg/005508 0 500 375 0 0
train/neg/005511 0 480 318 0 0
train/neg/005514 0 375 500 0 0
train/neg/005515 0 500 375 0 0
train/neg/005519 0 489 500 0 0
train/neg/005524 0 500 334 0 0
train/neg/005526 0 375 500 0 0
train/neg/005527 0 500 375 0 0
train/neg/005541 0 375 500 0 0
train/neg/005542 0 375 500 0 0
train/neg/005544 0 500 500 0 0
train/neg/005563 0 375 500 0 0
train/neg/005568 0 375 500 0 0
train/neg/005574 0 375 500 0 0
train/neg/005579 0 375 500 0 0
train/neg/005582 0 375 500 0 0
train/neg/005591 0 375 500 0 0
train/neg/005599 0 500 347 0 0
train/neg/005600 0 335 500 0 0
train/neg/005601 0 382 500 0 0
train/neg/005603 0 333 500 0 0
train/neg/005605 0 375 500 0 0
train/neg/005611 0 369 480 0 0
train/neg/005624 0 333 500 0 0
train/neg/005625 0 375 500 0 0
train/neg/005630 0 288 352 0 0
train/neg/005631 0 500 375 0 0
train/neg/005636 0 500 332 0 0
train/neg/005637 0 332 500 0 0
train/neg/005639 0 375 500 0 0
train/neg/005644 0 375 500 0 0
train/neg/005648 0 500 334 0 0
train/neg/005654 0 372 500 0 0
train/neg/005658 0 500 375 0 0
train/neg/005668 0 375 500 0 0
train/neg/005680 0 375 500 0 0
train/neg/005686 0 371 500 0 0
train/neg/005695 0 500 375 0 0
train/neg/005697 0 333 500 0 0
train/neg/005699 0 375 500 0 0
train/neg/005700 0 372 500 0 0
train/neg/005704 0 375 500 0 0
train/neg/005705 0 500 375 0 0
train/neg/005710 0 333 500 0 0
train/neg/005713 0 334 500 0 0
train/neg/005715 0 375 500 0 0
train/neg/005718 0 386 500 0 0
train/neg/005728 0 322 500 0 0
train/neg/005730 0 333 500 0 0
train/neg/005731 0 375 500 0 0
train/neg/005735 0 375 500 0 0
train/neg/005740 0 333 500 0 0
train/neg/005742 0 335 500 0 0
train/neg/005752 0 375 500 0 0
train/neg/005757 0 333 500 0 0
train/neg/005764 0 500 375 0 0
train/neg/005765 0 375 500 0 0
train/neg/005769 0 394 500 0 0
train/neg/005780 0 375 500 0 0
train/neg/005783 0 333 500 0 0
train/neg/005784 0 442 500 0 0
train/neg/005786 0 333 500 0 0
train/neg/005789 0 375 500 0 0
train/neg/005796 0 500 375 0 0
train/neg/005803 0 375 500 0 0
train/neg/005805 0 375 500 0 0
train/neg/005813 0 500 335 0 0
train/neg/005814 0 375 500 0 0
train/neg/005817 0 375 500 0 0
train/neg/005821 0 375 500 0 0
train/neg/005824 0 359 500 0 0
train/neg/005826 0 375 500 0 0
train/neg/005836 0 500 333 0 0
train/neg/005838 0 375 500 0 0
train/neg/005840 0 500 493 0 0
train/neg/005843 0 375 500 0 0
train/neg/005850 0 375 500 0 0
train/neg/005851 0 335 500 0 0
train/neg/005859 0 375 500 0 0
train/neg/005860 0 333 500 0 0
train/neg/005864 0 285 431 0 0
train/neg/005867 0 375 500 0 0
train/neg/005873 0 500 333 0 0
train/neg/005881 0 371 500 0 0
train/neg/005884 0 334 500 0 0
train/neg/005885 0 375 500 0 0
train/neg/005888 0 375 500 0 0
train/neg/005889 0 375 500 0 0
train/neg/005893 0 374 500 0 0
train/neg/005895 0 375 500 0 0
train/neg/005901 0 375 500 0 0
train/neg/005903 0 375 500 0 0
train/neg/005905 0 283 360 0 0
train/neg/005908 0 375 500 0 0
train/neg/005909 0 375 500 0 0
train/neg/005910 0 335 500 0 0
train/neg/005911 0 375 500 0 0
train/neg/005920 0 375 500 0 0
train/neg/005923 0 375 500 0 0
train/neg/005930 0 290 500 0 0
train/neg/005938 0 313 500 0 0
train/neg/005947 0 333 500 0 0
train/neg/005948 0 332 500 0 0
train/neg/005951 0 375 500 0 0
train/neg/005960 0 375 500 0 0
train/neg/005961 0 500 375 0 0
train/neg/005964 0 333 500 0 0
train/neg/005971 0 333 500 0 0
train/neg/005980 0 375 500 0 0
train/neg/005983 0 375 500 0 0
train/neg/005984 0 375 500 0 0
train/neg/005990 0 375 500 0 0
train/neg/005992 0 375 500 0 0
train/neg/006004 0 500 333 0 0
train/neg/006020 0 375 500 0 0
train/neg/006023 0 375 500 0 0
train/neg/006025 0 333 500 0 0
train/neg/006030 0 375 500 0 0
train/neg/006033 0 500 375 0 0
train/neg/006061 0 375 500 0 0
train/neg/006065 0 375 500 0 0
train/neg/006066 0 333 500 0 0
train/neg/006067 0 375 500 0 0
train/neg/006070 0 500 500 0 0
train/neg/006073 0 375 500 0 0
train/neg/006074 0 345 500 0 0
train/neg/006078 0 375 500 0 0
train/neg/006088 0 375 500 0 0
train/neg/006091 0 334 500 0 0
train/neg/006095 0 322 500 0 0
train/neg/006096 0 375 500 0 0
train/neg/006100 0 375 500 0 0
train/neg/006105 0 500 343 0 0
train/neg/006123 0 375 500 0 0
train/neg/006130 0 375 500 0 0
train/neg/006131 0 375 500 0 0
train/neg/006134 0 375 500 0 0
train/neg/006135 0 332 500 0 0
train/neg/006140 0 333 500 0 0
train/neg/006141 0 500 375 0 0
train/neg/006156 0 375 500 0 0
train/neg/006158 0 375 500 0 0
train/neg/006162 0 333 500 0 0
train/neg/006166 0 419 500 0 0
train/neg/006170 0 334 500 0 0
train/neg/006171 0 375 500 0 0
train/neg/006172 0 375 500 0 0
train/neg/006174 0 375 500 0 0
train/neg/006175 0 275 500 0 0
train/neg/006176 0 481 500 0 0
train/neg/006177 0 375 500 0 0
train/neg/006179 0 333 500 0 0
train/neg/006180 0 288 352 0 0
train/neg/006181 0 375 500 0 0
train/neg/006183 0 480 360 0 0
train/neg/006187 0 500 375 0 0
train/neg/006189 0 333 500 0 0
train/neg/006208 0 375 500 0 0
train/neg/006221 0 375 500 0 0
train/neg/006229 0 375 500 0 0
train/neg/006230 0 375 500 0 0
train/neg/006236 0 500 375 0 0
train/neg/006238 0 333 500 0 0
train/neg/006243 0 375 500 0 0
train/neg/006247 0 375 500 0 0
train/neg/006251 0 375 500 0 0
train/neg/006262 0 332 500 0 0
train/neg/006264 0 374 500 0 0
train/neg/006267 0 335 500 0 0
train/neg/006270 0 375 500 0 0
train/neg/006272 0 500 355 0 0
train/neg/006275 0 375 500 0 0
train/neg/006279 0 375 500 0 0
train/neg/006285 0 332 500 0 0
train/neg/006289 0 500 497 0 0
train/neg/006291 0 374 500 0 0
train/neg/006299 0 375 500 0 0
train/neg/006304 0 333 500 0 0
train/neg/006305 0 375 500 0 0
train/neg/006341 0 500 375 0 0
train/neg/006344 0 335 500 0 0
train/neg/006349 0 334 500 0 0
train/neg/006352 0 375 500 0 0
train/neg/006353 0 375 500 0 0
train/neg/006363 0 500 335 0 0
train/neg/006366 0 384 500 0 0
train/neg/006367 0 333 500 0 0
train/neg/006371 0 375 500 0 0
train/neg/006374 0 375 500 0 0
train/neg/006381 0 375 500 0 0
train/neg/006382 0 332 500 0 0
train/neg/006395 0 375 500 0 0
train/neg/006400 0 335 500 0 0
train/neg/006411 0 375 500 0 0
train/neg/006418 0 333 500 0 0
train/neg/006419 0 500 333 0 0
train/neg/006427 0 375 500 0 0
train/neg/006429 0 500 332 0 0
train/neg/006433 0 375 500 0 0
train/neg/006434 0 375 500 0 0
train/neg/006436 0 375 500 0 0
train/neg/006442 0 500 348 0 0
train/neg/006447 0 233 310 0 0
train/neg/006448 0 375 500 0 0
train/neg/006455 0 212 320 0 0
train/neg/006462 0 500 375 0 0
train/neg/006466 0 375 500 0 0
train/neg/006470 0 452 500 0 0
train/neg/006472 0 400 500 0 0
train/neg/006474 0 333 500 0 0
train/neg/006475 0 500 361 0 0
train/neg/006476 0 368 500 0 0
train/neg/006482 0 375 500 0 0
train/neg/006483 0 377 500 0 0
train/neg/006486 0 375 500 0 0
train/neg/006495 0 375 500 0 0
train/neg/006499 0 333 500 0 0
train/neg/006501 0 211 500 0 0
train/neg/006503 0 375 500 0 0
train/neg/006506 0 332 500 0 0
train/neg/006515 0 375 500 0 0
train/neg/006523 0 375 500 0 0
train/neg/006536 0 500 334 0 0
train/neg/006547 0 500 333 0 0
train/neg/006548 0 375 500 0 0
train/neg/006549 0 500 375 0 0
train/neg/006550 0 333 500 0 0
train/neg/006551 0 375 500 0 0
train/neg/006556 0 333 500 0 0
train/neg/006560 0 375 500 0 0
train/neg/006564 0 332 500 0 0
train/neg/006569 0 229 500 0 0
train/neg/006595 0 334 500 0 0
train/neg/006597 0 384 500 0 0
train/neg/006602 0 500 356 0 0
train/neg/006605 0 375 500 0 0
train/neg/006609 0 375 500 0 0
train/neg/006610 0 375 500 0 0
train/neg/006612 0 500 375 0 0
train/neg/006622 0 332 500 0 0
train/neg/006626 0 332 500 0 0
train/neg/006627 0 333 500 0 0
train/neg/006635 0 500 342 0 0
train/neg/006636 0 375 500 0 0
train/neg/006637 0 375 500 0 0
train/neg/006638 0 400 500 0 0
train/neg/006648 0 334 500 0 0
train/neg/006652 0 332 500 0 0
train/neg/006658 0 375 500 0 0
train/neg/006674 0 500 332 0 0
train/neg/006684 0 375 500 0 0
train/neg/006689 0 374 500 0 0
train/neg/006694 0 375 500 0 0
train/neg/006695 0 375 500 0 0
train/neg/006697 0 375 500 0 0
train/neg/006698 0 375 500 0 0
train/neg/006703 0 500 334 0 0
train/neg/006704 0 375 500 0 0
train/neg/006707 0 375 500 0 0
train/neg/006708 0 375 500 0 0
train/neg/006714 0 500 375 0 0
train/neg/006726 0 500 375 0 0
train/neg/006727 0 375 500 0 0
train/neg/006731 0 375 500 0 0
train/neg/006735 0 500 444 0 0
train/neg/006738 0 375 500 0 0
train/neg/006740 0 375 500 0 0
train/neg/006753 0 500 332 0 0
train/neg/006755 0 375 500 0 0
train/neg/006773 0 375 500 0 0
train/neg/006777 0 500 352 0 0
train/neg/006781 0 367 234 0 0
train/neg/006782 0 500 333 0 0
train/neg/006784 0 375 500 0 0
train/neg/006794 0 333 500 0 0
train/neg/006805 0 401 500 0 0
train/neg/006806 0 375 500 0 0
train/neg/006810 0 375 500 0 0
train/neg/006824 0 333 500 0 0
train/neg/006825 0 333 500 0 0
train/neg/006833 0 375 500 0 0
train/neg/006836 0 480 469 0 0
train/neg/006839 0 375 500 0 0
train/neg/006840 0 333 500 0 0
train/neg/006844 0 375 500 0 0
train/neg/006845 0 375 500 0 0
train/neg/006847 0 335 500 0 0
train/neg/006848 0 333 500 0 0
train/neg/006849 0 375 500 0 0
train/neg/006852 0 281 500 0 0
train/neg/006864 0 334 500 0 0
train/neg/006866 0 392 480 0 0
train/neg/006869 0 375 500 0 0
train/neg/006874 0 375 500 0 0
train/neg/006883 0 375 500 0 0
train/neg/006887 0 375 500 0 0
train/neg/006896 0 375 500 0 0
train/neg/006899 0 500 496 0 0
train/neg/006909 0 375 500 0 0
train/neg/006910 0 335 500 0 0
train/neg/006911 0 480 441 0 0
train/neg/006912 0 375 500 0 0
train/neg/006914 0 375 500 0 0
train/neg/006916 0 332 500 0 0
train/neg/006917 0 375 500 0 0
train/neg/006919 0 375 500 0 0
train/neg/006930 0 375 500 0 0
train/neg/006939 0 375 500 0 0
train/neg/006943 0 375 500 0 0
train/neg/006947 0 375 500 0 0
train/neg/006948 0 375 500 0 0
train/neg/006950 0 500 333 0 0
train/neg/006958 0 500 333 0 0
train/neg/006959 0 333 500 0 0
train/neg/006968 0 375 500 0 0
train/neg/006971 0 333 500 0 0
train/neg/006976 0 500 375 0 0
train/neg/006983 0 333 500 0 0
train/neg/007002 0 333 500 0 0
train/neg/007006 0 375 500 0 0
train/neg/007007 0 374 500 0 0
train/neg/007011 0 375 500 0 0
train/neg/007016 0 375 500 0 0
train/neg/007018 0 357 500 0 0
train/neg/007023 0 500 375 0 0
train/neg/007025 0 375 500 0 0
train/neg/007029 0 375 500 0 0
train/neg/007033 0 375 500 0 0
train/neg/007036 0 375 500 0 0
train/neg/007039 0 375 500 0 0
train/neg/007045 0 500 357 0 0
train/neg/007050 0 333 500 0 0
train/neg/007062 0 375 500 0 0
train/neg/007064 0 375 500 0 0
train/neg/007072 0 375 500 0 0
train/neg/007073 0 375 500 0 0
train/neg/007075 0 336 500 0 0
train/neg/007078 0 375 500 0 0
train/neg/007079 0 375 500 0 0
train/neg/007080 0 333 500 0 0
train/neg/007088 0 333 500 0 0
train/neg/007089 0 356 500 0 0
train/neg/007092 0 500 375 0 0
train/neg/007093 0 375 500 0 0
train/neg/007095 0 375 500 0 0
train/neg/007105 0 333 500 0 0
train/neg/007108 0 334 500 0 0
train/neg/007113 0 400 127 0 0
train/neg/007121 0 500 375 0 0
train/neg/007125 0 370 308 0 0
train/neg/007128 0 500 375 0 0
train/neg/007129 0 397 500 0 0
train/neg/007130 0 375 500 0 0
train/neg/007138 0 343 500 0 0
train/neg/007150 0 375 500 0 0
train/neg/007152 0 334 500 0 0
train/neg/007154 0 500 375 0 0
train/neg/007163 0 375 500 0 0
train/neg/007166 0 500 333 0 0
train/neg/007168 0 500 375 0 0
train/neg/007177 0 500 333 0 0
train/neg/007180 0 500 375 0 0
train/neg/007182 0 500 333 0 0
train/neg/007184 0 500 334 0 0
train/neg/007185 0 332 500 0 0
train/neg/007193 0 500 375 0 0
train/neg/007194 0 334 500 0 0
train/neg/007197 0 334 500 0 0
train/neg/007213 0 375 500 0 0
train/neg/007214 0 500 375 0 0
train/neg/007219 0 500 375 0 0
train/neg/007222 0 339 500 0 0
train/neg/007223 0 333 500 0 0
train/neg/007234 0 214 320 0 0
train/neg/007241 0 375 500 0 0
train/neg/007243 0 375 500 0 0
train/neg/007250 0 333 500 0 0
train/neg/007256 0 375 500 0 0
train/neg/007263 0 375 500 0 0
train/neg/007271 0 375 500 0 0
train/neg/007289 0 333 500 0 0
train/neg/007295 0 375 500 0 0
train/neg/007298 0 333 500 0 0
train/neg/007308 0 480 389 0 0
train/neg/007322 0 375 500 0 0
train/neg/007323 0 500 228 0 0
train/neg/007325 0 333 500 0 0
train/neg/007327 0 375 500 0 0
train/neg/007334 0 375 500 0 0
train/neg/007336 0 500 375 0 0
train/neg/007351 0 375 500 0 0
train/neg/007361 0 375 500 0 0
train/neg/007369 0 375 500 0 0
train/neg/007370 0 500 375 0 0
train/neg/007373 0 375 500 0 0
train/neg/007375 0 375 500 0 0
train/neg/007381 0 500 417 0 0
train/neg/007385 0 333 500 0 0
train/neg/007389 0 337 500 0 0
train/neg/007394 0 333 500 0 0
train/neg/007398 0 283 500 0 0
train/neg/007410 0 333 500 0 0
train/neg/007411 0 432 500 0 0
train/neg/007413 0 375 500 0 0
train/neg/007417 0 269 500 0 0
train/neg/007419 0 375 500 0 0
train/neg/007421 0 500 375 0 0
train/neg/007425 0 333 500 0 0
train/neg/007431 0 417 500 0 0
train/neg/007437 0 333 500 0 0
train/neg/007454 0 375 500 0 0
train/neg/007458 0 375 500 0 0
train/neg/007466 0 331 500 0 0
train/neg/007467 0 333 500 0 0
train/neg/007474 0 375 500 0 0
train/neg/007477 0 500 431 0 0
train/neg/007481 0 332 500 0 0
train/neg/007483 0 376 500 0 0
train/neg/007491 0 375 500 0 0
train/neg/007493 0 375 500 0 0
train/neg/007503 0 375 500 0 0
train/neg/007513 0 333 500 0 0
train/neg/007519 0 375 500 0 0
train/neg/007521 0 293 500 0 0
train/neg/007524 0 500 333 0 0
train/neg/007526 0 500 332 0 0
train/neg/007530 0 500 378 0 0
train/neg/007535 0 500 368 0 0
train/neg/007536 0 375 500 0 0
train/neg/007538 0 375 500 0 0
train/neg/007540 0 375 500 0 0
train/neg/007544 0 375 500 0 0
train/neg/007558 0 334 500 0 0
train/neg/007565 0 375 500 0 0
train/neg/007570 0 332 500 0 0
train/neg/007572 0 333 500 0 0
train/neg/007575 0 375 500 0 0
train/neg/007578 0 331 500 0 0
train/neg/007586 0 375 500 0 0
train/neg/007590 0 500 375 0 0
train/neg/007594 0 375 500 0 0
train/neg/007600 0 333 500 0 0
train/neg/007606 0 375 500 0 0
train/neg/007611 0 375 500 0 0
train/neg/007619 0 333 500 0 0
train/neg/007621 0 375 500 0 0
train/neg/007629 0 375 500 0 0
train/neg/007631 0 375 500 0 0
train/neg/007633 0 329 500 0 0
train/neg/007637 0 375 500 0 0
train/neg/007654 0 350 500 0 0
train/neg/007655 0 357 500 0 0
train/neg/007683 0 375 500 0 0
train/neg/007685 0 375 500 0 0
train/neg/007692 0 332 500 0 0
train/neg/007696 0 375 500 0 0
train/neg/007697 0 500 332 0 0
train/neg/007704 0 356 500 0 0
train/neg/007713 0 331 500 0 0
train/neg/007718 0 375 500 0 0
train/neg/007729 0 375 500 0 0
train/neg/007735 0 333 500 0 0
train/neg/007740 0 375 500 0 0
train/neg/007748 0 500 332 0 0
train/neg/007749 0 375 500 0 0
train/neg/007751 0 375 500 0 0
train/neg/007753 0 375 500 0 0
train/neg/007762 0 375 500 0 0
train/neg/007767 0 333 500 0 0
train/neg/007775 0 500 378 0 0
train/neg/007777 0 374 500 0 0
train/neg/007781 0 375 500 0 0
train/neg/007791 0 375 500 0 0
train/neg/007795 0 375 500 0 0
train/neg/007803 0 375 500 0 0
train/neg/007809 0 375 500 0 0
train/neg/007810 0 500 375 0 0
train/neg/007814 0 375 500 0 0
train/neg/007820 0 333 500 0 0
train/neg/007831 0 500 384 0 0
train/neg/007836 0 375 500 0 0
train/neg/007838 0 375 500 0 0
train/neg/007840 0 500 333 0 0
train/neg/007847 0 333 500 0 0
train/neg/007853 0 467 500 0 0
train/neg/007854 0 500 301 0 0
train/neg/007859 0 337 500 0 0
train/neg/007863 0 375 500 0 0
train/neg/007864 0 333 500 0 0
train/neg/007872 0 333 500 0 0
train/neg/007876 0 375 500 0 0
train/neg/007877 0 375 500 0 0
train/neg/007878 0 500 375 0 0
train/neg/007884 0 416 500 0 0
train/neg/007885 0 500 441 0 0
train/neg/007900 0 375 500 0 0
train/neg/007901 0 500 375 0 0
train/neg/007908 0 333 500 0 0
train/neg/007910 0 375 500 0 0
train/neg/007911 0 498 500 0 0
train/neg/007914 0 500 375 0 0
train/neg/007915 0 375 500 0 0
train/neg/007923 0 235 500 0 0
train/neg/007925 0 375 500 0 0
train/neg/007926 0 339 500 0 0
train/neg/007939 0 500 375 0 0
train/neg/007940 0 375 500 0 0
train/neg/007953 0 500 333 0 0
train/neg/007959 0 500 334 0 0
train/neg/007968 0 375 500 0 0
train/neg/007974 0 375 500 0 0
train/neg/007976 0 375 500 0 0
train/neg/007980 0 329 500 0 0
train/neg/007991 0 375 500 0 0
train/neg/007996 0 333 500 0 0
train/neg/008004 0 500 375 0 0
train/neg/008005 0 375 500 0 0
train/neg/008008 0 331 500 0 0
train/neg/008012 0 393 500 0 0
train/neg/008017 0 333 500 0 0
train/neg/008040 0 399 500 0 0
train/neg/008042 0 375 500 0 0
train/neg/008043 0 288 292 0 0
train/neg/008049 0 375 500 0 0
train/neg/008051 0 375 500 0 0
train/neg/008053 0 500 244 0 0
train/neg/008062 0 375 500 0 0
train/neg/008063 0 375 500 0 0
train/neg/008064 0 333 500 0 0
train/neg/008067 0 375 500 0 0
train/neg/008072 0 325 450 0 0
train/neg/008075 0 375 500 0 0
train/neg/008076 0 375 500 0 0
train/neg/008082 0 333 500 0 0
train/neg/008083 0 300 400 0 0
train/neg/008084 0 500 338 0 0
train/neg/008095 0 375 500 0 0
train/neg/008096 0 375 500 0 0
train/neg/008106 0 500 375 0 0
train/neg/008116 0 375 500 0 0
train/neg/008117 0 375 500 0 0
train/neg/008121 0 375 500 0 0
train/neg/008127 0 334 500 0 0
train/neg/008130 0 375 500 0 0
train/neg/008137 0 500 375 0 0
train/neg/008139 0 411 500 0 0
train/neg/008142 0 332 500 0 0
train/neg/008150 0 333 500 0 0
train/neg/008163 0 327 500 0 0
train/neg/008164 0 375 500 0 0
train/neg/008166 0 333 500 0 0
train/neg/008186 0 443 500 0 0
train/neg/008199 0 375 500 0 0
train/neg/008202 0 375 500 0 0
train/neg/008203 0 375 500 0 0
train/neg/008204 0 374 500 0 0
train/neg/008211 0 500 375 0 0
train/neg/008213 0 224 500 0 0
train/neg/008216 0 500 375 0 0
train/neg/008218 0 375 500 0 0
train/neg/008223 0 375 500 0 0
train/neg/008226 0 375 500 0 0
train/neg/008235 0 333 500 0 0
train/neg/008248 0 375 500 0 0
train/neg/008250 0 375 500 0 0
train/neg/008252 0 375 500 0 0
train/neg/008253 0 375 500 0 0
train/neg/008254 0 333 500 0 0
train/neg/008260 0 375 500 0 0
train/neg/008261 0 500 332 0 0
train/neg/008262 0 375 500 0 0
train/neg/008263 0 375 500 0 0
train/neg/008269 0 335 500 0 0
train/neg/008272 0 375 500 0 0
train/neg/008280 0 335 500 0 0
train/neg/008282 0 375 500 0 0
train/neg/008301 0 500 375 0 0
train/neg/008302 0 375 500 0 0
train/neg/008310 0 335 500 0 0
train/neg/008311 0 333 500 0 0
train/neg/008312 0 500 375 0 0
train/neg/008313 0 375 500 0 0
train/neg/008316 0 333 500 0 0
train/neg/008317 0 375 500 0 0
train/neg/008322 0 375 500 0 0
train/neg/008332 0 375 500 0 0
train/neg/008338 0 168 500 0 0
train/neg/008341 0 333 500 0 0
train/neg/008342 0 400 500 0 0
train/neg/008346 0 500 291 0 0
train/neg/008351 0 333 500 0 0
train/neg/008372 0 332 500 0 0
train/neg/008374 0 375 500 0 0
train/neg/008381 0 500 463 0 0
train/neg/008384 0 335 500 0 0
train/neg/008385 0 500 369 0 0
train/neg/008398 0 375 500 0 0
train/neg/008403 0 500 499 0 0
train/neg/008409 0 375 500 0 0
train/neg/008422 0 375 500 0 0
train/neg/008425 0 375 500 0 0
train/neg/008426 0 398 500 0 0
train/neg/008427 0 333 500 0 0
train/neg/008437 0 500 333 0 0
train/neg/008442 0 375 500 0 0
train/neg/008443 0 382 500 0 0
train/neg/008445 0 333 500 0 0
train/neg/008452 0 369 500 0 0
train/neg/008453 0 400 500 0 0
train/neg/008456 0 333 500 0 0
train/neg/008462 0 375 500 0 0
train/neg/008465 0 500 500 0 0
train/neg/008467 0 500 375 0 0
train/neg/008468 0 240 320 0 0
train/neg/008470 0 375 500 0 0
train/neg/008475 0 375 500 0 0
train/neg/008477 0 358 500 0 0
train/neg/008495 0 357 500 0 0
train/neg/008506 0 319 500 0 0
train/neg/008523 0 333 500 0 0
train/neg/008529 0 500 375 0 0
train/neg/008530 0 333 500 0 0
train/neg/008533 0 425 500 0 0
train/neg/008536 0 500 375 0 0
train/neg/008558 0 375 500 0 0
train/neg/008559 0 500 333 0 0
train/neg/008568 0 375 500 0 0
train/neg/008585 0 334 500 0 0
train/neg/008587 0 375 500 0 0
train/neg/008588 0 375 500 0 0
train/neg/008595 0 333 500 0 0
train/neg/008596 0 480 356 0 0
train/neg/008602 0 375 500 0 0
train/neg/008610 0 326 500 0 0
train/neg/008615 0 375 500 0 0
train/neg/008617 0 375 500 0 0
train/neg/008618 0 331 500 0 0
train/neg/008628 0 500 375 0 0
train/neg/008645 0 330 500 0 0
train/neg/008655 0 500 375 0 0
train/neg/008670 0 500 331 0 0
train/neg/008688 0 325 500 0 0
train/neg/008690 0 333 500 0 0
train/neg/008691 0 334 500 0 0
train/neg/008699 0 375 500 0 0
train/neg/008702 0 375 500 0 0
train/neg/008710 0 335 500 0 0
train/neg/008720 0 500 333 0 0
train/neg/008723 0 334 500 0 0
train/neg/008725 0 375 500 0 0
train/neg/008731 0 332 500 0 0
train/neg/008732 0 500 371 0 0
train/neg/008738 0 333 500 0 0
train/neg/008741 0 500 375 0 0
train/neg/008744 0 500 332 0 0
train/neg/008748 0 500 344 0 0
train/neg/008755 0 333 500 0 0
train/neg/008756 0 375 500 0 0
train/neg/008757 0 375 500 0 0
train/neg/008760 0 375 500 0 0
train/neg/008764 0 500 400 0 0
train/neg/008770 0 333 500 0 0
train/neg/008771 0 335 500 0 0
train/neg/008776 0 333 500 0 0
train/neg/008783 0 375 500 0 0
train/neg/008790 0 327 500 0 0
train/neg/008806 0 375 500 0 0
train/neg/008809 0 320 500 0 0
train/neg/008811 0 375 500 0 0
train/neg/008813 0 375 500 0 0
train/neg/008814 0 332 500 0 0
train/neg/008815 0 375 500 0 0
train/neg/008819 0 500 375 0 0
train/neg/008840 0 333 500 0 0
train/neg/008841 0 375 500 0 0
train/neg/008847 0 361 500 0 0
train/neg/008856 0 375 500 0 0
train/neg/008862 0 480 318 0 0
train/neg/008865 0 334 500 0 0
train/neg/008872 0 270 360 0 0
train/neg/008878 0 375 500 0 0
train/neg/008879 0 375 500 0 0
train/neg/008883 0 375 500 0 0
train/neg/008885 0 500 395 0 0
train/neg/008886 0 203 241 0 0
train/neg/008900 0 375 500 0 0
train/neg/008905 0 375 500 0 0
train/neg/008920 0 375 500 0 0
train/neg/008926 0 413 500 0 0
train/neg/008930 0 500 375 0 0
train/neg/008932 0 375 500 0 0
train/neg/008933 0 500 375 0 0
train/neg/008936 0 375 500 0 0
train/neg/008944 0 500 444 0 0
train/neg/008948 0 375 500 0 0
train/neg/008961 0 407 500 0 0
train/neg/008962 0 375 500 0 0
train/neg/008967 0 333 500 0 0
train/neg/008970 0 334 500 0 0
train/neg/008971 0 294 500 0 0
train/neg/008973 0 333 500 0 0
train/neg/008975 0 375 500 0 0
train/neg/008979 0 384 500 0 0
train/neg/008980 0 500 459 0 0
train/neg/008985 0 500 375 0 0
train/neg/008987 0 333 500 0 0
train/neg/008988 0 375 500 0 0
train/neg/008989 0 375 500 0 0
train/neg/008995 0 500 156 0 0
train/neg/008999 0 375 500 0 0
train/neg/009004 0 334 500 0 0
train/neg/009005 0 375 500 0 0
train/neg/009016 0 500 375 0 0
train/neg/009018 0 375 500 0 0
train/neg/009020 0 332 500 0 0
train/neg/009027 0 375 500 0 0
train/neg/009032 0 375 500 0 0
train/neg/009036 0 405 500 0 0
train/neg/009042 0 334 500 0 0
train/neg/009049 0 349 500 0 0
train/neg/009059 0 375 500 0 0
train/neg/009063 0 334 500 0 0
train/neg/009066 0 351 500 0 0
train/neg/009068 0 375 500 0 0
train/neg/009080 0 375 500 0 0
train/neg/009086 0 281 500 0 0
train/neg/009098 0 500 418 0 0
train/neg/009099 0 375 500 0 0
train/neg/009100 0 363 500 0 0
train/neg/009108 0 376 500 0 0
train/neg/009114 0 212 320 0 0
train/neg/009117 0 375 500 0 0
train/neg/009123 0 375 500 0 0
train/neg/009136 0 375 500 0 0
train/neg/009144 0 357 500 0 0
train/neg/009148 0 276 369 0 0
train/neg/009153 0 500 375 0 0
train/neg/009160 0 333 500 0 0
train/neg/009161 0 379 500 0 0
train/neg/009166 0 286 500 0 0
train/neg/009173 0 500 375 0 0
train/neg/009175 0 375 500 0 0
train/neg/009181 0 500 333 0 0
train/neg/009184 0 334 500 0 0
train/neg/009185 0 411 500 0 0
train/neg/009191 0 348 500 0 0
train/neg/009196 0 375 500 0 0
train/neg/009197 0 376 500 0 0
train/neg/009200 0 375 500 0 0
train/neg/009208 0 333 500 0 0
train/neg/009209 0 375 500 0 0
train/neg/009215 0 375 500 0 0
train/neg/009218 0 500 375 0 0
train/neg/009227 0 333 500 0 0
train/neg/009230 0 375 500 0 0
train/neg/009238 0 333 500 0 0
train/neg/009242 0 375 500 0 0
train/neg/009245 0 375 500 0 0
train/neg/009251 0 333 500 0 0
train/neg/009252 0 369 500 0 0
train/neg/009255 0 200 257 0 0
train/neg/009259 0 333 500 0 0
train/neg/009270 0 335 500 0 0
train/neg/009271 0 375 500 0 0
train/neg/009272 0 333 500 0 0
train/neg/009285 0 375 500 0 0
train/neg/009287 0 333 500 0 0
train/neg/009288 0 319 213 0 0
train/neg/009289 0 333 500 0 0
train/neg/009290 0 333 500 0 0
train/neg/009295 0 375 500 0 0
train/neg/009296 0 375 500 0 0
train/neg/009299 0 333 500 0 0
train/neg/009306 0 500 375 0 0
train/neg/009307 0 400 400 0 0
train/neg/009308 0 331 500 0 0
train/neg/009316 0 375 500 0 0
train/neg/009324 0 331 500 0 0
train/neg/009325 0 375 500 0 0
train/neg/009327 0 500 334 0 0
train/neg/009333 0 375 500 0 0
train/neg/009339 0 375 500 0 0
train/neg/009342 0 375 500 0 0
train/neg/009343 0 334 500 0 0
train/neg/009359 0 281 500 0 0
train/neg/009362 0 333 500 0 0
train/neg/009365 0 332 500 0 0
train/neg/009377 0 338 500 0 0
train/neg/009386 0 375 500 0 0
train/neg/009388 0 375 500 0 0
train/neg/009389 0 375 500 0 0
train/neg/009393 0 372 500 0 0
train/neg/009394 0 333 500 0 0
train/neg/009398 0 333 500 0 0
train/neg/009407 0 480 432 0 0
train/neg/009410 0 375 500 0 0
train/neg/009413 0 500 500 0 0
train/neg/009417 0 375 500 0 0
train/neg/009418 0 333 500 0 0
train/neg/009419 0 333 500 0 0
train/neg/009420 0 375 500 0 0
train/neg/009421 0 375 500 0 0
train/neg/009422 0 334 500 0 0
train/neg/009429 0 346 500 0 0
train/neg/009432 0 332 500 0 0
train/neg/009446 0 375 500 0 0
train/neg/009458 0 500 473 0 0
train/neg/009460 0 375 500 0 0
train/neg/009463 0 333 500 0 0
train/neg/009465 0 346 393 0 0
train/neg/009466 0 450 500 0 0
train/neg/009476 0 400 500 0 0
train/neg/009488 0 500 447 0 0
train/neg/009490 0 500 375 0 0
train/neg/009491 0 375 500 0 0
train/neg/009496 0 333 500 0 0
train/neg/009497 0 375 500 0 0
train/neg/009499 0 500 339 0 0
train/neg/009504 0 500 480 0 0
train/neg/009508 0 500 374 0 0
train/neg/009512 0 500 375 0 0
train/neg/009516 0 500 375 0 0
train/neg/009518 0 369 500 0 0
train/neg/009520 0 359 500 0 0
train/neg/009523 0 375 500 0 0
train/neg/009524 0 348 500 0 0
train/neg/009526 0 500 375 0 0
train/neg/009528 0 375 500 0 0
train/neg/009537 0 281 500 0 0
train/neg/009541 0 500 375 0 0
train/neg/009542 0 332 500 0 0
train/neg/009545 0 333 500 0 0
train/neg/009549 0 375 500 0 0
train/neg/009551 0 375 500 0 0
train/neg/009557 0 500 333 0 0
train/neg/009562 0 500 357 0 0
train/neg/009566 0 375 500 0 0
train/neg/009573 0 337 500 0 0
train/neg/009576 0 375 500 0 0
train/neg/009577 0 375 500 0 0
train/neg/009579 0 500 375 0 0
train/neg/009584 0 375 500 0 0
train/neg/009585 0 375 500 0 0
train/neg/009587 0 375 500 0 0
train/neg/009600 0 375 500 0 0
train/neg/009605 0 375 500 0 0
train/neg/009609 0 335 500 0 0
train/neg/009613 0 500 375 0 0
train/neg/009615 0 333 500 0 0
train/neg/009618 0 375 500 0 0
train/neg/009621 0 500 412 0 0
train/neg/009629 0 334 500 0 0
train/neg/009634 0 375 500 0 0
train/neg/009637 0 375 500 0 0
train/neg/009638 0 375 500 0 0
train/neg/009650 0 500 365 0 0
train/neg/009654 0 500 333 0 0
train/neg/009656 0 375 500 0 0
train/neg/009659 0 375 500 0 0
train/neg/009664 0 500 375 0 0
train/neg/009666 0 500 375 0 0
train/neg/009668 0 375 500 0 0
train/neg/009679 0 240 320 0 0
train/neg/009684 0 375 500 0 0
train/neg/009691 0 333 500 0 0
train/neg/009693 0 375 500 0 0
train/neg/009702 0 333 500 0 0
train/neg/009703 0 375 500 0 0
train/neg/009707 0 281 500 0 0
train/neg/009709 0 500 375 0 0
train/neg/009713 0 375 500 0 0
train/neg/009717 0 333 500 0 0
train/neg/009721 0 500 375 0 0
train/neg/009734 0 375 500 0 0
train/neg/009735 0 500 333 0 0
train/neg/009749 0 500 369 0 0
train/neg/009755 0 334 500 0 0
train/neg/009756 0 375 500 0 0
train/neg/009763 0 375 500 0 0
train/neg/009789 0 351 500 0 0
train/neg/009790 0 284 500 0 0
train/neg/009792 0 375 500 0 0
train/neg/009797 0 333 500 0 0
train/neg/009800 0 460 500 0 0
train/neg/009805 0 375 500 0 0
train/neg/009807 0 333 500 0 0
train/neg/009808 0 500 350 0 0
train/neg/009813 0 375 500 0 0
train/neg/009825 0 500 333 0 0
train/neg/009828 0 500 333 0 0
train/neg/009832 0 375 500 0 0
train/neg/009842 0 375 500 0 0
train/neg/009851 0 375 500 0 0
train/neg/009852 0 375 500 0 0
train/neg/009855 0 325 500 0 0
train/neg/009859 0 333 500 0 0
train/neg/009860 0 396 500 0 0
train/neg/009867 0 375 500 0 0
train/neg/009868 0 500 333 0 0
train/neg/009869 0 375 500 0 0
train/neg/009872 0 375 500 0 0
train/neg/009874 0 480 318 0 0
train/neg/009877 0 500 333 0 0
train/neg/009878 0 375 500 0 0
train/neg/009882 0 372 500 0 0
train/neg/009884 0 375 500 0 0
train/neg/009887 0 374 500 0 0
train/neg/009896 0 375 500 0 0
train/neg/009911 0 400 500 0 0
train/neg/009918 0 333 500 0 0
train/neg/009926 0 375 500 0 0
train/neg/009940 0 375 500 0 0
train/neg/009942 0 332 500 0 0
train/neg/009944 0 331 500 0 0
train/neg/009945 0 375 500 0 0
train/neg/009949 0 375 500 0 0
train/neg/009961 0 374 500 0 0
