712
009863 1 375 500 164 37 169 364
006497 1 375 500 64 97 57 119
007363 1 317 500 98 32 166 387
006524 1 97 500 1 1 93 137
009862 1 500 375 109 2 391 373
003054 1 375 500 142 398 43 61
003214 1 375 500 143 230 77 266
005669 1 333 500 151 254 51 87
005640 1 500 375 188 107 83 138
008360 1 375 500 157 396 46 30
001360 1 326 500 91 7 181 441
004779 1 375 500 203 114 88 170
002248 1 375 500 2 65 299 435
009898 1 333 500 3 3 328 495
003094 1 333 500 30 19 229 481
003009 1 494 500 294 135 69 251
003027 1 318 480 93 131 113 214
002937 1 333 500 43 283 136 217
006043 1 375 500 2 2 369 494
002291 1 433 500 100 125 237 297
001640 1 375 500 52 397 54 63
009116 1 375 500 172 9 183 447
002180 1 375 500 205 1 71 46
006089 1 375 500 130 152 125 146
001618 1 333 500 104 53 159 420
002606 1 335 500 196 193 45 59
009326 1 333 500 109 101 102 213
000494 1 500 375 58 1 400 368
008169 1 375 500 174 11 52 80
004439 1 334 500 255 435 28 65
006484 1 333 500 192 301 137 157
006329 1 375 500 70 36 221 444
000153 1 375 500 147 237 44 121
009938 1 375 500 1 242 51 83
007167 1 375 500 107 51 199 449
000509 1 375 500 2 1 373 467
009163 1 320 500 112 2 57 27
002135 1 500 375 139 332 102 43
007159 1 375 500 151 435 59 65
004295 1 375 500 11 36 340 417
009000 1 375 500 1 23 45 137
004304 1 375 500 119 173 183 257
000818 1 287 500 181 1 23 32
001334 1 375 500 97 4 22 64
004808 1 375 500 162 114 111 309
008444 1 375 500 36 19 214 481
002393 1 334 500 49 111 272 389
003285 1 281 500 138 249 51 177
002772 1 375 500 146 32 127 404
000373 1 500 333 343 19 110 300
009213 1 375 500 204 308 83 118
001492 1 334 500 158 1 31 42
006884 1 276 500 2 3 176 239
006588 1 333 500 200 86 27 45
000776 1 200 500 26 17 167 464
003344 1 333 500 89 473 27 27
008562 1 375 500 184 12 29 46
008572 1 375 500 61 34 259 423
002544 1 375 500 61 286 36 76
009913 1 375 500 82 40 179 407
008892 1 375 500 251 372 109 128
004983 1 500 338 1 1 81 316
000906 1 375 500 162 423 97 77
007691 1 375 500 85 270 236 230
008663 1 375 500 106 1 222 495
003703 1 375 500 153 125 100 232
005577 1 375 500 138 1 237 478
003885 1 500 375 373 156 52 66
005318 1 375 500 37 109 254 312
001125 1 333 500 176 1 157 222
005645 1 375 500 27 1 348 499
005679 1 360 500 42 33 82 107
005102 1 375 500 185 303 89 197
009879 1 375 500 164 398 63 100
005760 1 375 500 127 220 102 228
004019 1 375 500 324 474 31 26
000972 1 375 500 115 20 173 413
008279 1 500 350 211 24 32 36
000329 1 333 500 220 219 17 22
009932 1 500 375 324 68 174 216
007592 1 500 333 121 8 199 315
008461 1 333 500 161 154 63 204
008336 1 375 500 248 297 82 83
005979 1 332 500 9 26 322 461
007068 1 500 357 24 94 51 227
000026 1 333 500 125 90 87 247
004073 1 375 500 208 403 26 62
003256 1 375 500 86 157 68 170
006225 1 375 500 82 86 210 377
002776 1 332 500 218 239 32 63
004946 1 500 375 249 29 25 53
005782 1 333 500 93 54 133 357
007883 1 335 500 193 442 17 35
003083 1 500 375 455 344 25 31
004539 1 375 500 240 268 29 40
002566 1 375 500 181 34 26 70
007383 1 375 500 207 403 34 70
003806 1 282 500 27 85 234 348
004429 1 374 500 118 11 218 485
009745 1 375 500 192 98 75 116
009350 1 500 345 289 8 186 328
007614 1 375 500 40 24 291 435
001385 1 332 500 157 46 31 43
009671 1 375 500 202 192 53 141
000296 1 348 500 125 427 56 73
005861 1 338 500 160 122 25 61
000823 1 334 500 160 49 105 294
007247 1 375 500 93 100 198 394
002373 1 332 500 1 284 9 55
002595 1 375 500 115 68 119 374
008174 1 333 500 1 41 319 459
003809 1 333 500 128 107 146 378
005609 1 383 500 29 1 114 69
007525 1 400 500 185 134 152 270
009073 1 375 500 202 1 135 96
007971 1 333 500 1 1 332 499
000590 1 337 500 109 199 227 301
001294 1 375 500 161 93 18 30
002563 1 334 500 247 372 34 49
003998 1 375 500 60 12 247 488
007446 1 500 375 121 1 26 42
007653 1 332 500 165 17 117 455
003997 1 322 500 110 171 152 276
006250 1 375 500 124 59 146 220
005020 1 375 500 181 270 53 166
009644 1 332 500 78 36 225 445
008978 1 375 500 146 212 212 279
006736 1 375 500 170 102 71 180
000688 1 317 500 42 8 275 492
009774 1 400 500 65 453 51 47
004828 1 483 500 171 139 220 307
000543 1 375 500 87 298 156 202
001821 1 375 500 125 92 123 270
009424 1 375 500 103 50 226 372
009623 1 333 500 52 149 180 305
002730 1 333 500 88 186 206 199
009392 1 331 500 283 1 48 73
008057 1 333 500 119 61 105 317
003936 1 330 500 202 34 57 156
009106 1 375 500 105 1 235 355
009060 1 333 500 105 2 119 123
000220 1 375 500 114 427 53 73
006035 1 281 500 251 151 23 74
004581 1 333 500 94 15 184 462
008911 1 375 500 146 45 124 202
007921 1 375 500 257 58 94 176
007699 1 375 500 50 2 325 498
004303 1 281 500 127 389 18 46
005547 1 375 500 150 48 197 399
004481 1 411 500 167 42 209 423
009053 1 375 500 82 43 224 375
007040 1 425 500 32 156 121 288
000888 1 347 500 208 72 111 137
009178 1 333 500 83 2 241 498
002153 1 375 500 166 83 125 292
006203 1 500 327 366 46 92 229
007709 1 375 500 59 202 39 91
009845 1 375 500 204 404 37 71
005373 1 333 500 149 329 29 43
007819 1 208 500 110 32 21 61
003634 1 281 500 105 46 90 154
002759 1 374 500 94 256 59 116
000180 1 375 500 110 14 246 482
007843 1 480 500 306 49 144 422
005199 1 375 500 215 22 129 459
001112 1 335 500 168 61 34 64
004089 1 334 500 58 19 143 247
005169 1 500 375 58 220 34 44
007284 1 333 500 72 78 135 307
007647 1 500 333 236 111 99 222
004747 1 375 500 46 1 305 471
000787 1 371 500 93 120 186 303
000461 1 333 500 100 9 131 314
009214 1 375 500 223 146 152 322
007667 1 375 500 333 458 20 36
007058 1 409 500 152 1 248 471
008676 1 336 500 153 125 85 124
005756 1 375 500 167 40 136 423
006058 1 375 500 107 1 268 498
004830 1 333 500 110 104 102 314
008958 1 375 500 35 50 324 450
005489 1 333 500 71 409 23 55
006988 1 333 500 66 62 241 325
000251 1 500 453 440 362 60 91
004329 1 375 500 181 198 77 97
008482 1 375 500 121 2 38 45
001488 1 333 500 152 254 52 131
004591 1 333 500 247 326 60 174
005350 1 333 500 140 85 109 315
003228 1 333 500 104 305 79 89
002804 1 375 500 135 1 21 45
009121 1 333 500 148 427 100 73
005998 1 346 500 29 20 298 462
005868 1 375 500 134 19 190 469
001057 1 335 500 38 6 297 347
006079 1 375 500 57 30 14 38
008969 1 375 500 121 418 62 82
003053 1 333 500 210 458 27 33
002056 1 500 375 260 331 121 44
000522 1 375 500 128 36 143 398
003057 1 500 375 121 3 103 141
003798 1 389 500 181 204 101 188
006206 1 375 500 240 325 135 175
002023 1 362 500 47 27 253 456
001699 1 332 500 115 2 67 55
001237 1 375 500 156 115 57 151
002646 1 375 500 103 18 220 469
007468 1 375 500 1 3 358 490
009699 1 375 500 39 262 62 149
003711 1 396 500 278 132 51 34
002682 1 375 500 151 168 128 162
007261 1 500 377 288 196 191 181
000663 1 500 422 36 376 45 46
009368 1 375 500 133 408 51 85
009064 1 375 500 41 1 161 154
000515 1 375 500 167 147 33 39
004203 1 385 500 2 1 383 202
002493 1 375 500 203 27 172 287
001845 1 375 500 194 3 72 34
009558 1 333 500 30 99 188 275
008801 1 411 500 14 95 85 216
009822 1 375 500 196 372 128 128
004604 1 375 500 52 2 136 170
009411 1 375 500 112 62 223 401
008044 1 336 500 204 240 43 152
003397 1 375 500 168 15 153 243
006320 1 333 500 43 123 259 311
004961 1 333 500 80 18 225 479
000161 1 390 500 195 68 93 53
002174 1 333 500 89 451 97 49
005585 1 375 500 131 21 213 282
007270 1 375 500 158 350 30 95
008549 1 333 500 29 99 280 341
002917 1 375 500 96 48 46 115
005110 1 375 500 186 180 31 26
007963 1 375 500 322 1 53 79
004962 1 333 500 172 255 36 93
003655 1 500 375 51 2 449 363
002704 1 500 334 83 106 83 191
007294 1 312 500 172 270 80 91
003987 1 500 333 379 2 120 278
004805 1 333 500 59 43 70 209
001559 1 480 360 175 146 51 37
001069 1 375 500 117 1 64 116
001862 1 375 500 61 57 314 379
008939 1 375 500 233 409 79 91
002490 1 375 500 209 168 57 54
006668 1 374 500 28 94 306 341
006438 1 332 500 87 1 53 39
008750 1 375 500 81 24 223 455
006900 1 375 500 82 327 103 138
005159 1 375 500 212 19 29 46
000871 1 375 500 114 8 178 483
008429 1 339 500 127 148 61 222
009729 1 333 500 61 104 198 269
001931 1 333 500 114 44 174 445
008727 1 500 375 249 3 251 372
006362 1 375 500 114 1 163 145
000860 1 353 500 85 81 207 347
005956 1 363 500 96 338 121 162
008079 1 335 500 137 48 61 111
007821 1 500 357 58 23 254 290
009029 1 500 333 46 49 101 231
006235 1 375 500 239 10 61 81
005897 1 370 500 246 251 97 201
008665 1 333 500 15 57 310 395
005305 1 500 375 358 74 104 192
009174 1 375 500 252 40 76 166
001954 1 375 500 119 118 132 219
008968 1 375 500 50 86 282 357
000474 1 375 500 157 53 202 395
007090 1 375 500 203 75 162 246
006290 1 375 500 191 466 79 34
000083 1 333 500 33 109 276 338
002311 1 375 500 57 1 298 498
003165 1 355 323 52 42 249 231
005584 1 375 500 192 334 127 154
006223 1 333 500 90 128 176 298
004786 1 375 500 120 27 194 473
008680 1 375 500 202 275 46 79
008019 1 318 480 164 381 154 99
003261 1 375 500 178 218 20 21
003555 1 375 500 241 438 60 62
009517 1 500 333 111 135 21 42
004087 1 375 500 29 1 346 411
007601 1 375 500 91 2 90 48
007855 1 375 500 216 447 16 28
007497 1 333 500 73 329 46 95
005273 1 375 500 84 235 69 183
009641 1 500 375 337 192 43 88
008923 1 209 500 31 15 145 351
001494 1 375 500 243 122 128 199
002693 1 335 500 124 1 85 184
005071 1 375 500 164 65 23 56
000318 1 331 500 81 201 62 100
003390 1 375 500 116 147 224 256
003195 1 333 500 227 327 42 147
008232 1 375 500 149 67 82 207
005588 1 375 500 223 150 88 116
009015 1 333 500 199 72 22 41
001746 1 375 500 236 1 65 152
003103 1 226 361 64 33 122 295
005457 1 346 500 123 64 151 323
007779 1 375 500 247 305 48 82
006893 1 500 375 291 143 66 102
000387 1 333 500 18 5 237 477
003461 1 333 500 43 10 81 61
008225 1 385 500 189 128 58 121
006103 1 375 500 308 2 63 65
000169 1 333 500 23 439 155 61
008716 1 333 500 93 196 114 165
000431 1 375 500 316 85 24 40
000131 1 333 500 99 1 167 474
001532 1 340 425 186 187 21 45
001258 1 375 500 92 101 195 322
007745 1 375 500 39 43 298 444
009532 1 333 500 211 328 77 94
008268 1 334 500 129 1 115 157
001352 1 276 500 135 49 73 193
003551 1 375 500 104 339 29 79
008388 1 338 450 1 1 336 449
004186 1 375 500 2 296 23 55
008296 1 333 500 103 52 221 448
008909 1 375 500 61 22 247 464
004108 1 333 500 127 5 200 488
006325 1 458 500 277 276 76 87
003891 1 500 332 284 5 111 327
000134 1 371 500 115 1 215 486
004494 1 332 500 16 2 53 115
004386 1 333 500 79 19 252 365
003051 1 333 500 82 30 125 253
004793 1 375 500 132 28 240 267
001604 1 375 500 88 245 252 255
006346 1 374 500 230 1 68 208
001937 1 500 375 211 11 222 321
001902 1 375 500 224 196 27 37
001980 1 375 500 181 17 86 118
003824 1 500 333 43 1 212 331
002247 1 500 375 259 9 192 366
006375 1 375 500 160 28 146 168
007622 1 333 500 1 2 329 495
007285 1 500 375 43 2 457 373
001093 1 400 500 39 109 25 69
009058 1 375 500 1 1 286 483
009596 1 331 500 47 118 17 19
001899 1 332 500 209 22 17 26
002478 1 375 500 250 280 85 203
003636 1 375 500 232 356 24 50
004526 1 375 500 74 104 165 332
006277 1 375 500 70 65 252 382
004823 1 375 500 80 1 251 497
002994 1 375 500 282 67 46 80
000303 1 377 500 39 15 241 485
000800 1 375 500 170 38 18 33
003721 1 333 500 103 15 145 429
008391 1 309 500 46 5 261 492
002025 0 500 375 0 0 0 0
006626 0 332 500 0 0 0 0
008261 0 500 332 0 0 0 0
006605 0 375 500 0 0 0 0
008213 0 224 500 0 0 0 0
000760 0 332 500 0 0 0 0
005039 0 375 500 0 0 0 0
003413 0 375 500 0 0 0 0
001512 0 333 500 0 0 0 0
007122 0 375 500 0 0 0 0
003597 0 500 421 0 0 0 0
008730 0 375 500 0 0 0 0
000756 0 500 365 0 0 0 0
009773 0 375 500 0 0 0 0
008053 0 500 244 0 0 0 0
009491 0 375 500 0 0 0 0
009080 0 375 500 0 0 0 0
007216 0 500 375 0 0 0 0
005086 0 375 500 0 0 0 0
006355 0 375 500 0 0 0 0
005029 0 335 500 0 0 0 0
008840 0 333 500 0 0 0 0
002542 0 375 500 0 0 0 0
005231 0 375 500 0 0 0 0
003487 0 375 500 0 0 0 0
005417 0 375 500 0 0 0 0
002957 0 375 500 0 0 0 0
008944 0 500 444 0 0 0 0
002632 0 352 288 0 0 0 0
002914 0 375 500 0 0 0 0
003034 0 375 500 0 0 0 0
007482 0 333 500 0 0 0 0
005348 0 500 333 0 0 0 0
009874 0 480 318 0 0 0 0
004259 0 375 500 0 0 0 0
009567 0 375 500 0 0 0 0
005729 0 332 500 0 0 0 0
001911 0 333 500 0 0 0 0
003159 0 360 480 0 0 0 0
002942 0 333 500 0 0 0 0
001145 0 500 375 0 0 0 0
003421 0 500 375 0 0 0 0
000832 0 500 375 0 0 0 0
004292 0 500 374 0 0 0 0
005413 0 500 375 0 0 0 0
004951 0 375 500 0 0 0 0
000129 0 500 334 0 0 0 0
009466 0 450 500 0 0 0 0
005693 0 500 375 0 0 0 0
008518 0 353 500 0 0 0 0
000439 0 333 500 0 0 0 0
008573 0 418 500 0 0 0 0
006841 0 316 500 0 0 0 0
009421 0 375 500 0 0 0 0
003373 0 375 500 0 0 0 0
008731 0 332 500 0 0 0 0
005851 0 335 500 0 0 0 0
004046 0 335 500 0 0 0 0
007791 0 375 500 0 0 0 0
005439 0 375 500 0 0 0 0
008819 0 500 375 0 0 0 0
005128 0 375 500 0 0 0 0
003349 0 333 500 0 0 0 0
000133 0 500 447 0 0 0 0
003924 0 500 375 0 0 0 0
000850 0 375 500 0 0 0 0
009022 0 375 500 0 0 0 0
009212 0 500 333 0 0 0 0
009598 0 375 500 0 0 0 0
004178 0 307 500 0 0 0 0
004974 0 329 500 0 0 0 0
009796 0 375 500 0 0 0 0
006530 0 375 500 0 0 0 0
007853 0 467 500 0 0 0 0
004325 0 500 390 0 0 0 0
007101 0 333 500 0 0 0 0
006722 0 375 500 0 0 0 0
007121 0 500 375 0 0 0 0
001952 0 397 500 0 0 0 0
006041 0 375 500 0 0 0 0
008645 0 330 500 0 0 0 0
009659 0 375 500 0 0 0 0
002502 0 500 335 0 0 0 0
007836 0 375 500 0 0 0 0
004077 0 375 500 0 0 0 0
005624 0 333 500 0 0 0 0
000222 0 375 500 0 0 0 0
003451 0 333 500 0 0 0 0
002350 0 500 375 0 0 0 0
001556 0 332 500 0 0 0 0
007976 0 375 500 0 0 0 0
002791 0 319 500 0 0 0 0
006643 0 375 500 0 0 0 0
000950 0 331 500 0 0 0 0
000699 0 381 500 0 0 0 0
005702 0 500 333 0 0 0 0
009867 0 375 500 0 0 0 0
000967 0 375 500 0 0 0 0
004831 0 333 500 0 0 0 0
006466 0 375 500 0 0 0 0
007943 0 375 500 0 0 0 0
005517 0 333 500 0 0 0 0
000249 0 333 500 0 0 0 0
000951 0 375 500 0 0 0 0
009693 0 375 500 0 0 0 0
004474 0 375 500 0 0 0 0
005078 0 375 500 0 0 0 0
001598 0 333 500 0 0 0 0
005947 0 333 500 0 0 0 0
002261 0 332 500 0 0 0 0
003605 0 386 500 0 0 0 0
008302 0 375 500 0 0 0 0
004265 0 375 500 0 0 0 0
000962 0 375 500 0 0 0 0
001239 0 375 500 0 0 0 0
003639 0 375 500 0 0 0 0
008438 0 333 500 0 0 0 0
009105 0 375 500 0 0 0 0
005397 0 375 500 0 0 0 0
007390 0 375 500 0 0 0 0
004868 0 375 500 0 0 0 0
007150 0 375 500 0 0 0 0
005995 0 335 500 0 0 0 0
004913 0 375 500 0 0 0 0
009634 0 375 500 0 0 0 0
005177 0 500 377 0 0 0 0
002442 0 500 375 0 0 0 0
003767 0 375 500 0 0 0 0
002899 0 500 375 0 0 0 0
000863 0 317 500 0 0 0 0
002288 0 332 500 0 0 0 0
000061 0 333 500 0 0 0 0
009048 0 500 375 0 0 0 0
003339 0 288 432 0 0 0 0
003781 0 375 500 0 0 0 0
008890 0 500 375 0 0 0 0
006794 0 333 500 0 0 0 0
000989 0 333 500 0 0 0 0
003211 0 375 500 0 0 0 0
005007 0 375 500 0 0 0 0
002649 0 320 500 0 0 0 0
006739 0 375 500 0 0 0 0
001170 0 375 500 0 0 0 0
009303 0 99 500 0 0 0 0
008200 0 375 500 0 0 0 0
003124 0 375 500 0 0 0 0
000812 0 333 500 0 0 0 0
009747 0 500 332 0 0 0 0
004194 0 500 455 0 0 0 0
005788 0 375 500 0 0 0 0
007093 0 375 500 0 0 0 0
006827 0 500 375 0 0 0 0
009543 0 375 500 0 0 0 0
004859 0 500 375 0 0 0 0
006619 0 333 500 0 0 0 0
000867 0 500 375 0 0 0 0
004872 0 375 500 0 0 0 0
002083 0 375 500 0 0 0 0
002572 0 333 500 0 0 0 0
007777 0 374 500 0 0 0 0
003988 0 336 448 0 0 0 0
003453 0 375 500 0 0 0 0
002782 0 333 500 0 0 0 0
006702 0 333 500 0 0 0 0
001250 0 288 432 0 0 0 0
001976 0 383 500 0 0 0 0
006696 0 440 500 0 0 0 0
005146 0 303 500 0 0 0 0
002042 0 360 480 0 0 0 0
009072 0 500 375 0 0 0 0
004570 0 375 500 0 0 0 0
004201 0 375 500 0 0 0 0
004912 0 375 500 0 0 0 0
000612 0 500 375 0 0 0 0
004674 0 333 500 0 0 0 0
005230 0 374 500 0 0 0 0
001521 0 500 375 0 0 0 0
002512 0 375 500 0 0 0 0
000934 0 333 500 0 0 0 0
009508 0 500 374 0 0 0 0
000107 0 375 500 0 0 0 0
007065 0 333 500 0 0 0 0
005843 0 375 500 0 0 0 0
009299 0 333 500 0 0 0 0
004209 0 375 500 0 0 0 0
006697 0 375 500 0 0 0 0
004092 0 375 500 0 0 0 0
000403 0 375 500 0 0 0 0
001690 0 332 500 0 0 0 0
006495 0 375 500 0 0 0 0
002913 0 312 500 0 0 0 0
008755 0 333 500 0 0 0 0
001405 0 500 332 0 0 0 0
000851 0 375 500 0 0 0 0
001137 0 333 500 0 0 0 0
004279 0 375 500 0 0 0 0
002847 0 333 500 0 0 0 0
006108 0 353 500 0 0 0 0
006802 0 350 500 0 0 0 0
004825 0 500 375 0 0 0 0
007786 0 375 500 0 0 0 0
003017 0 311 500 0 0 0 0
002058 0 333 500 0 0 0 0
007633 0 329 500 0 0 0 0
000859 0 333 500 0 0 0 0
008477 0 358 500 0 0 0 0
008556 0 333 500 0 0 0 0
009743 0 379 500 0 0 0 0
003436 0 375 500 0 0 0 0
007343 0 394 500 0 0 0 0
008585 0 334 500 0 0 0 0
008220 0 333 500 0 0 0 0
007834 0 500 371 0 0 0 0
000550 0 375 500 0 0 0 0
000915 0 375 500 0 0 0 0
002947 0 500 375 0 0 0 0
008796 0 380 500 0 0 0 0
001172 0 187 500 0 0 0 0
004549 0 375 500 0 0 0 0
000830 0 375 500 0 0 0 0
004931 0 375 500 0 0 0 0
006887 0 375 500 0 0 0 0
003837 0 500 375 0 0 0 0
007657 0 347 500 0 0 0 0
009136 0 375 500 0 0 0 0
004671 0 500 317 0 0 0 0
005111 0 500 367 0 0 0 0
003635 0 375 500 0 0 0 0
006658 0 375 500 0 0 0 0
003886 0 332 500 0 0 0 0
002492 0 375 500 0 0 0 0
002579 0 500 384 0 0 0 0
002391 0 360 237 0 0 0 0
007530 0 500 378 0 0 0 0
000218 0 333 500 0 0 0 0
009035 0 500 333 0 0 0 0
004997 0 334 500 0 0 0 0
007250 0 333 500 0 0 0 0
009942 0 332 500 0 0 0 0
008718 0 375 500 0 0 0 0
004171 0 500 446 0 0 0 0
006349 0 334 500 0 0 0 0
005208 0 333 500 0 0 0 0
003549 0 278 370 0 0 0 0
007826 0 375 500 0 0 0 0
007258 0 164 393 0 0 0 0
006570 0 375 500 0 0 0 0
001809 0 500 436 0 0 0 0
009954 0 332 500 0 0 0 0
004174 0 454 500 0 0 0 0
001203 0 240 350 0 0 0 0
008811 0 375 500 0 0 0 0
007129 0 397 500 0 0 0 0
006501 0 211 500 0 0 0 0
005714 0 375 500 0 0 0 0
009580 0 333 500 0 0 0 0
003695 0 318 480 0 0 0 0
002479 0 375 500 0 0 0 0
004360 0 500 333 0 0 0 0
008722 0 332 500 0 0 0 0
004985 0 375 500 0 0 0 0
002036 0 325 500 0 0 0 0
002004 0 500 375 0 0 0 0
008519 0 375 500 0 0 0 0
009667 0 375 500 0 0 0 0
003818 0 335 500 0 0 0 0
002221 0 500 375 0 0 0 0
007089 0 356 500 0 0 0 0
006444 0 375 500 0 0 0 0
008670 0 500 331 0 0 0 0
000312 0 335 500 0 0 0 0
000486 0 500 375 0 0 0 0
006595 0 334 500 0 0 0 0
005185 0 375 500 0 0 0 0
000633 0 375 500 0 0 0 0
003585 0 500 333 0 0 0 0
003784 0 500 328 0 0 0 0
008628 0 500 375 0 0 0 0
003898 0 185 500 0 0 0 0
003316 0 403 500 0 0 0 0
005674 0 480 360 0 0 0 0
009422 0 334 500 0 0 0 0
008810 0 333 500 0 0 0 0
001717 0 404 500 0 0 0 0
003299 0 335 500 0 0 0 0
006718 0 375 500 0 0 0 0
004246 0 375 500 0 0 0 0
005485 0 375 500 0 0 0 0
001918 0 375 500 0 0 0 0
002875 0 375 500 0 0 0 0
006829 0 375 500 0 0 0 0
009255 0 200 257 0 0 0 0
001316 0 375 500 0 0 0 0
007073 0 375 500 0 0 0 0
007448 0 332 500 0 0 0 0
002817 0 375 500 0 0 0 0
003678 0 332 500 0 0 0 0
006835 0 375 500 0 0 0 0
004801 0 333 500 0 0 0 0
005173 0 289 500 0 0 0 0
007814 0 375 500 0 0 0 0
004509 0 500 333 0 0 0 0
006512 0 375 500 0 0 0 0
009603 0 375 500 0 0 0 0
007435 0 500 332 0 0 0 0
004169 0 500 333 0 0 0 0
003258 0 333 500 0 0 0 0
002664 0 335 500 0 0 0 0
004315 0 500 335 0 0 0 0
001689 0 500 375 0 0 0 0
003112 0 449 500 0 0 0 0
003065 0 333 500 0 0 0 0
008260 0 375 500 0 0 0 0
003963 0 375 500 0 0 0 0
003965 0 375 500 0 0 0 0
002943 0 375 500 0 0 0 0
001936 0 333 500 0 0 0 0
006131 0 375 500 0 0 0 0
001430 0 375 500 0 0 0 0
000349 0 375 500 0 0 0 0
007064 0 375 500 0 0 0 0
008191 0 375 500 0 0 0 0
004300 0 375 500 0 0 0 0
008690 0 333 500 0 0 0 0
000235 0 375 500 0 0 0 0
008713 0 333 500 0 0 0 0
003090 0 345 500 0 0 0 0
000848 0 334 500 0 0 0 0
008849 0 375 500 0 0 0 0
006161 0 333 500 0 0 0 0
009155 0 374 500 0 0 0 0
008961 0 407 500 0 0 0 0
001182 0 375 500 0 0 0 0
006849 0 375 500 0 0 0 0
000982 0 377 500 0 0 0 0
008638 0 333 500 0 0 0 0
008917 0 500 500 0 0 0 0
002047 0 375 500 0 0 0 0
004837 0 375 500 0 0 0 0
008499 0 334 500 0 0 0 0
003422 0 375 500 0 0 0 0
008971 0 294 500 0 0 0 0
006585 0 331 500 0 0 0 0
002037 0 375 500 0 0 0 0
005611 0 369 480 0 0 0 0
006055 0 375 500 0 0 0 0
001201 0 333 500 0 0 0 0
002385 0 375 500 0 0 0 0
005845 0 349 500 0 0 0 0
000770 0 375 500 0 0 0 0
001758 0 500 374 0 0 0 0
005647 0 375 500 0 0 0 0
004351 0 333 500 0 0 0 0
009884 0 375 500 0 0 0 0
005905 0 283 360 0 0 0 0
004507 0 375 500 0 0 0 0
