20
train/pos/000012 1 333 500 173 195
train/pos/000026 1 333 500 87 247
train/pos/000047 1 333 500 311 444
train/pos/000083 1 333 500 276 338
train/pos/000091 1 375 500 24 35
train/pos/000134 1 371 500 215 486
train/pos/000153 1 375 500 44 121
train/pos/000159 1 333 500 317 497
train/pos/000161 1 390 500 93 53
train/pos/000220 1 375 500 53 73
train/neg/001864 0 375 500 0 0
train/neg/001870 0 400 400 0 0
train/neg/001892 0 375 500 0 0
train/neg/001894 0 375 500 0 0
train/neg/001896 0 375 500 0 0
train/neg/001898 0 500 374 0 0
train/neg/001903 0 333 500 0 0
train/neg/001904 0 335 500 0 0
train/neg/001906 0 301 500 0 0
train/neg/001915 0 375 500 0 0

