100
009863 1 375 500 164 37 169 364
006497 1 375 500 64 97 57 119
007363 1 317 500 98 32 166 387
006524 1 97 500 1 1 93 137
009862 1 500 375 109 2 391 373
003054 1 375 500 142 398 43 61
003214 1 375 500 143 230 77 266
005669 1 333 500 151 254 51 87
005640 1 500 375 188 107 83 138
008360 1 375 500 157 396 46 30
001360 1 326 500 91 7 181 441
004779 1 375 500 203 114 88 170
002248 1 375 500 2 65 299 435
009898 1 333 500 3 3 328 495
003094 1 333 500 30 19 229 481
003009 1 494 500 294 135 69 251
003027 1 318 480 93 131 113 214
002937 1 333 500 43 283 136 217
006043 1 375 500 2 2 369 494
002291 1 433 500 100 125 237 297
001640 1 375 500 52 397 54 63
009116 1 375 500 172 9 183 447
002180 1 375 500 205 1 71 46
006089 1 375 500 130 152 125 146
001618 1 333 500 104 53 159 420
002606 1 335 500 196 193 45 59
009326 1 333 500 109 101 102 213
000494 1 500 375 58 1 400 368
008169 1 375 500 174 11 52 80
004439 1 334 500 255 435 28 65
006484 1 333 500 192 301 137 157
006329 1 375 500 70 36 221 444
000153 1 375 500 147 237 44 121
009938 1 375 500 1 242 51 83
007167 1 375 500 107 51 199 449
000509 1 375 500 2 1 373 467
009163 1 320 500 112 2 57 27
002135 1 500 375 139 332 102 43
007159 1 375 500 151 435 59 65
004295 1 375 500 11 36 340 417
009000 1 375 500 1 23 45 137
004304 1 375 500 119 173 183 257
000818 1 287 500 181 1 23 32
001334 1 375 500 97 4 22 64
004808 1 375 500 162 114 111 309
008444 1 375 500 36 19 214 481
002393 1 334 500 49 111 272 389
003285 1 281 500 138 249 51 177
002772 1 375 500 146 32 127 404
000373 1 500 333 343 19 110 300
000699 0 381 500 0 0 0 0
005702 0 500 333 0 0 0 0
009867 0 375 500 0 0 0 0
000967 0 375 500 0 0 0 0
004831 0 333 500 0 0 0 0
006466 0 375 500 0 0 0 0
007943 0 375 500 0 0 0 0
005517 0 333 500 0 0 0 0
000249 0 333 500 0 0 0 0
000951 0 375 500 0 0 0 0
009693 0 375 500 0 0 0 0
004474 0 375 500 0 0 0 0
005078 0 375 500 0 0 0 0
001598 0 333 500 0 0 0 0
005947 0 333 500 0 0 0 0
002261 0 332 500 0 0 0 0
003605 0 386 500 0 0 0 0
008302 0 375 500 0 0 0 0
004265 0 375 500 0 0 0 0
000962 0 375 500 0 0 0 0
001239 0 375 500 0 0 0 0
003639 0 375 500 0 0 0 0
008438 0 333 500 0 0 0 0
009105 0 375 500 0 0 0 0
005397 0 375 500 0 0 0 0
007390 0 375 500 0 0 0 0
004868 0 375 500 0 0 0 0
007150 0 375 500 0 0 0 0
005995 0 335 500 0 0 0 0
004913 0 375 500 0 0 0 0
009634 0 375 500 0 0 0 0
005177 0 500 377 0 0 0 0
002442 0 500 375 0 0 0 0
003767 0 375 500 0 0 0 0
002899 0 500 375 0 0 0 0
000863 0 317 500 0 0 0 0
002288 0 332 500 0 0 0 0
000061 0 333 500 0 0 0 0
009048 0 500 375 0 0 0 0
003339 0 288 432 0 0 0 0
003781 0 375 500 0 0 0 0
008890 0 500 375 0 0 0 0
006794 0 333 500 0 0 0 0
000989 0 333 500 0 0 0 0
003211 0 375 500 0 0 0 0
005007 0 375 500 0 0 0 0
002649 0 320 500 0 0 0 0
006739 0 375 500 0 0 0 0
001170 0 375 500 0 0 0 0
009303 0 99 500 0 0 0 0
